1734142220.72339	300	4	1.033	523092	4973	-4.4418999999999995	841.4912527649307
1734142220.7954993	750	4	1.033	523092	4973	-4.1419	841.4912527649307
1734142224.2204566	750	4.5	0.0	389872	3356	0.75	929.373063170441
1734142227.5272455	750	5.191	0.0	422951	3193	0.75	1059.6955840901974
1734142231.2387578	750	5.509	0.0	473320	3615	0.75	1047.457814661134
1734142232.3337224	750	8.45	0.0	116477	877	0.75	1062.5039908779931
1734142235.0955384	750	9.634	0.0	341295	2575	0.75	1060.3339805825242
1734142239.3359027	750	9.409	0.0	539212	4147	0.75	1040.1967687484928
1734142242.671533	750	10.042	0.0	429169	3210	0.75	1069.580062305296
1734142245.4510887	750	11.285	0.0	361025	2605	0.75	1108.7140115163147
1734142249.0560548	750	11.919	0.0	268171	2004	0.75	1070.5429141716568
1734142252.9769137	750	11.759	0.0	304155	2317	0.75	1050.168321104877
1734142257.2670782	750	11.5	0.0	354727	2672	0.75	1062.056886227545
1734142261.1682434	750	11.724	0.0	438883	3311	0.75	1060.4240410752038
1734142265.2751937	750	11.612	0.0	375800	2950	0.75	1019.1186440677966
1734142269.3580968	750	11.559	0.0	131991	963	0.75	1096.4984423676012
1734142273.3130062	750	11.516	0.0	237534	1792	0.75	1060.419642857143
1734142277.1814075	750	11.71	0.0	356969	2755	0.75	1036.5705989110709
1734142280.9322717	750	11.952	0.0	278616	2138	0.75	1042.5294667913938
1734142285.1517854	750	11.801	0.0	453018	3457	0.75	1048.3494359271044
1734142291.400868	750	9.296	0.0	778429	6073	0.75	1025.4292771282726
1734142293.6425872	750	11.066	0.0	281319	2167	0.75	1038.5565297646515
1734142296.895787	750	11.969	0.0	142445	1083	0.75	1052.225300092336
