1734143741.1534345	300	4	0.99	523092	4942	-4.257	846.7697288547147
1734143742.9629903	300	6.357	0.0	174428	1524	0.3	915.6325459317585
1734143744.4162958	300	8.905	0.0	179563	1345	0.3	1068.032713754647
1734143744.6063268	750	8.905	0.0	179563	1345	0.3	1068.032713754647
1734143748.318929	750	9.004	0.0	473320	3567	0.75	1061.5531258760864
1734143748.3481114	1200	9.004	0.0	473320	3567	0.75	1061.5531258760864
1734143749.8834467	1200	11.417	0.0	177715	1333	1.2	1066.55663915979
1734143749.923886	1850	11.417	0.0	177715	1333	1.2	1066.55663915979
1734143757.606074	1850	7.672	0.0	971535	7448	1.85	1043.5392051557465
1734143757.6297562	750	7.672	0.0	971535	7448	-0.3500000000000001	1043.5392051557465
1734143761.8738732	750	7.431	0.0	539212	4095	0.75	1053.4056166056166
1734143765.256277	750	8.05	0.0	429169	3273	0.75	1048.9923617476322
1734143768.0892034	750	9.225	0.0	361025	2679	0.75	1078.0888391190742
1734143768.183632	1200	9.225	0.0	361025	2679	0.75	1078.0888391190742
1734143771.423576	1200	9.886	0.0	408326	3113	1.2	1049.3440411178926
1734143774.8069403	1200	10.508	0.0	426299	3227	1.2	1056.8304927176944
1734143779.1702127	1200	10.132	0.0	556930	4249	1.2	1048.5855495410685
1734143784.541608	1200	8.792	0.0	691773	5280	1.2	1048.1409090909092
1734143784.564044	750	8.792	0.0	691773	5280	0.30000000000000004	1048.1409090909092
1734143787.6002536	750	9.721	0.0	375800	2841	0.75	1058.2189369940163
1734143787.6200593	1200	9.721	0.0	375800	2841	0.75	1058.2189369940163
1734143789.7092931	1200	11.647	0.0	199602	1451	1.2	1100.4934527911785
1734143789.7539306	1850	11.647	0.0	199602	1451	1.2	1100.4934527911785
1734143794.7726967	1850	10.574	0.0	618601	4762	1.85	1039.2288954220915
1734143794.7944074	1200	10.574	0.0	618601	4762	0.5499999999999998	1039.2288954220915
1734143799.3251681	1200	9.953	0.0	564234	4383	1.2	1029.8590006844627
1734143802.7393904	1200	10.557	0.0	434691	3319	1.2	1047.7637842723711
1734143808.4941645	1200	8.792	0.0	723380	5665	1.2	1021.5428067078552
1734143808.5057983	750	8.792	0.0	723380	5665	0.30000000000000004	1021.5428067078552
1734143814.768414	750	6.565	0.0	778429	6063	0.75	1027.1205673758866
1734143814.8784783	300	6.565	0.0	778429	6063	-0.15000000000000002	1027.1205673758866
1734143816.0545387	300	9.268	0.0	118079	846	0.3	1116.5862884160756
1734143816.0819736	1200	9.268	0.0	118079	846	0.30000000000000004	1116.5862884160756
