1	0.8076923076923077
2	0.8235294117647058
3	0.8235294117647058
4	0.8235294117647058
5	0.8316831683168316
6	0.8235294117647058
7	0.8235294117647058
8	0.8235294117647058
9	0.8316831683168316
10	0.8235294117647058
11	0.8235294117647058
12	0.8235294117647058
13	0.8316831683168316
14	0.8235294117647058
15	0.8235294117647058
16	0.8235294117647058
17	0.8235294117647058
18	0.8316831683168316
19	0.8235294117647058
20	0.8235294117647058
21	0.8235294117647058
22	0.8316831683168316
23	0.8235294117647058
24	0.8235294117647058
25	0.8235294117647058
26	0.8316831683168316
27	0.8235294117647058
28	0.8235294117647058
29	0.8235294117647058
30	0.8235294117647058
31	0.8316831683168316
32	0.8235294117647058
33	0.8235294117647058
34	0.8235294117647058
35	0.8316831683168316
36	0.8235294117647058
37	0.8235294117647058
38	0.8235294117647058
39	0.8316831683168316
40	0.8235294117647058
41	0.8235294117647058
42	0.8235294117647058
43	0.8316831683168316
44	0.8235294117647058
45	0.8235294117647058
46	0.8235294117647058
47	0.8235294117647058
48	0.8316831683168316
49	0.8235294117647058
50	0.9142857142857143
51	1.0485436893203883
52	1.0384615384615385
53	1.0485436893203883
54	1.0485436893203883
55	1.0485436893203883
56	1.0485436893203883
57	1.0485436893203883
58	1.0384615384615385
59	1.0485436893203883
60	1.0485436893203883
61	1.0485436893203883
62	1.0485436893203883
63	1.0485436893203883
64	1.0384615384615385
65	1.0485436893203883
66	1.0485436893203883
67	1.0485436893203883
68	1.0485436893203883
69	1.0485436893203883
70	1.0384615384615385
71	1.0485436893203883
72	1.0485436893203883
73	1.0485436893203883
74	1.0485436893203883
75	1.0485436893203883
76	1.0384615384615385
77	1.0485436893203883
78	1.0485436893203883
79	1.0485436893203883
80	1.0485436893203883
81	1.0485436893203883
82	1.0384615384615385
83	1.0485436893203883
84	1.0485436893203883
85	1.0485436893203883
86	1.0485436893203883
87	1.0485436893203883
88	1.0384615384615385
89	1.0485436893203883
90	1.0485436893203883
91	1.0485436893203883
92	1.0485436893203883
93	1.0485436893203883
94	1.0384615384615385
95	1.0485436893203883
96	1.0485436893203883
97	1.0485436893203883
98	1.0188679245283019
99	1.0188679245283019
100	1.0285714285714285
101	1.0188679245283019
102	1.0285714285714285
103	1.0285714285714285
104	1.0188679245283019
105	1.0285714285714285
106	1.0188679245283019
107	1.0285714285714285
108	1.0285714285714285
109	1.0188679245283019
110	1.0285714285714285
111	1.0188679245283019
112	1.0285714285714285
113	1.0188679245283019
114	1.0285714285714285
115	1.0285714285714285
116	1.0188679245283019
117	1.0285714285714285
118	1.0188679245283019
119	1.0285714285714285
120	1.0285714285714285
