1728524397.907440, 0
1728524397.942294, 0
1728524397.975050, 0
1728524398.005170, 0
1728524398.027754, 4
1728524398.044308, 4
1728524398.065950, 4
1728524398.084889, 10
1728524398.109538, 18
1728524398.147604, 26
1728524398.163104, 29
1728524398.192284, 39
1728524398.217392, 41
1728524398.236701, 65
1728524398.284078, 77
1728524398.326378, 99
1728524398.387618, 100
1728524398.425794, 100
1728524398.469116, 98
1728524398.487544, 100
1728524398.526206, 100
1728524398.582981, 100
1728524398.650005, 100
1728524398.691031, 100
1728524398.750125, 98
1728524398.793517, 99
1728524398.814576, 99
1728524398.831443, 98
1728524398.848294, 98
1728524398.866243, 97
1728524398.914053, 97
1728524398.958937, 97
1728524398.983788, 98
1728524399.013291, 97
1728524399.041456, 97
1728524399.066040, 98
1728524399.083589, 100
1728524399.106440, 100
1728524399.134121, 100
1728524399.151628, 100
1728524399.176127, 100
1728524399.192561, 97
1728524399.225763, 94
1728524399.264597, 98
1728524399.284914, 98
1728524399.314202, 97
1728524399.337322, 97
1728524399.360167, 98
1728524399.387687, 99
1728524399.419711, 100
1728524399.442264, 98
1728524399.467602, 99
1728524399.497199, 96
1728524399.514713, 97
1728524399.555135, 99
1728524399.577854, 96
1728524399.607970, 98
1728524399.628181, 97
1728524399.652080, 96
1728524399.678002, 94
1728524399.698694, 98
1728524399.718194, 100
1728524399.740595, 97
1728524399.769740, 95
1728524399.798465, 96
1728524399.814135, 95
1728524399.843607, 90
1728524399.867449, 88
1728524399.884432, 88
1728524399.909204, 85
1728524399.927660, 82
1728524399.945536, 83
1728524399.970703, 78
1728524399.994254, 78
1728524400.013482, 73
1728524400.048598, 67
1728524400.080741, 66
1728524400.099319, 81
1728524400.120049, 74
1728524400.140804, 67
1728524400.167614, 67
1728524400.207905, 65
1728524400.234643, 61
1728524400.254555, 63
1728524400.273096, 65
1728524400.293457, 62
1728524400.320537, 60
1728524400.340593, 56
1728524400.360807, 52
1728524400.382577, 49
1728524400.415278, 48
1728524400.444738, 47
1728524400.475337, 46
1728524400.501937, 46
1728524400.545645, 49
1728524400.577519, 50
1728524400.607436, 47
1728524400.633426, 48
1728524400.652803, 51
1728524400.674597, 48
1728524400.692368, 47
1728524400.718429, 48
1728524400.735304, 48
1728524400.752844, 47
1728524400.777719, 47
1728524400.800452, 47
1728524400.819721, 50
1728524400.849441, 48
1728524400.865514, 50
1728524400.882668, 50
1728524400.907897, 51
1728524400.943760, 49
1728524400.956889, 49
1728524400.985821, 48
1728524401.013728, 48
1728524401.037921, 48
1728524401.067127, 48
1728524401.097275, 50
1728524401.126963, 50
1728524401.156776, 49
1728524401.184656, 50
1728524401.203433, 51
1728524401.218992, 49
1728524401.252416, 49
1728524401.268624, 50
1728524401.292250, 49
1728524401.322828, 51
1728524401.350451, 48
1728524401.376166, 48
1728524401.396090, 50
1728524401.423304, 51
1728524401.447211, 51
1728524401.463639, 51
1728524401.496185, 51
1728524401.533169, 52
1728524401.551727, 53
1728524401.574844, 51
1728524401.594664, 53
1728524401.609808, 49
1728524401.631711, 50
1728524401.648881, 51
1728524401.672918, 49
1728524401.699776, 51
1728524401.735908, 52
1728524401.762947, 50
1728524401.792807, 52
1728524401.817501, 53
1728524401.836018, 51
1728524401.851099, 51
1728524401.874704, 52
1728524401.903947, 54
1728524401.920566, 51
1728524401.947710, 51
1728524401.970099, 52
1728524401.995929, 51
1728524402.029908, 50
1728524402.065072, 54
1728524402.083138, 52
1728524402.101369, 55
1728524402.138857, 54
1728524402.177891, 54
1728524402.198253, 52
1728524402.226168, 54
1728524402.242436, 50
1728524402.264748, 52
1728524402.292649, 53
1728524402.309112, 52
1728524402.323803, 51
1728524402.340084, 52
1728524402.359066, 52
1728524402.377232, 54
1728524402.397213, 54
1728524402.419469, 54
1728524402.450426, 53
1728524402.493568, 54
1728524402.524832, 53
1728524402.560266, 57
1728524402.612280, 52
1728524402.637631, 52
1728524402.669261, 52
1728524402.686591, 55
1728524402.711896, 52
1728524402.730447, 54
1728524402.777796, 55
1728524402.797395, 55
1728524402.826585, 54
1728524402.852532, 53
1728524402.872966, 55
1728524402.890087, 53
1728524402.914510, 53
1728524402.937531, 53
1728524402.955946, 55
1728524402.978439, 55
1728524402.997504, 54
1728524403.014141, 56
1728524403.033628, 54
1728524403.069258, 54
1728524403.083951, 54
1728524403.100433, 54
1728524403.131582, 54
1728524403.154418, 54
1728524403.173799, 55
1728524403.194596, 55
1728524403.221270, 55
1728524403.238206, 54
1728524403.266497, 55
1728524403.286453, 56
1728524403.305067, 54
1728524403.326548, 53
1728524403.347293, 54
1728524403.372048, 58
1728524403.409193, 58
1728524403.434798, 57
1728524403.461327, 60
1728524403.500179, 59
1728524403.521708, 58
1728524403.548733, 56
1728524403.570089, 56
1728524403.592084, 58
1728524403.616748, 58
1728524403.636910, 55
1728524403.665753, 54
1728524403.682013, 56
1728524403.701854, 56
1728524403.735452, 54
1728524403.769539, 57
1728524403.789275, 56
1728524403.818712, 56
1728524403.852258, 56
1728524403.877993, 56
1728524403.897627, 55
1728524403.915977, 55
1728524403.935374, 57
1728524403.957433, 57
1728524403.975719, 58
1728524403.990802, 58
1728524404.020245, 57
1728524404.055163, 57
1728524404.072827, 58
1728524404.098613, 58
1728524404.122829, 58
1728524404.146616, 57
1728524404.167333, 60
1728524404.208313, 57
1728524404.235213, 60
1728524404.252496, 55
1728524404.283877, 55
1728524404.312138, 58
1728524404.330733, 58
1728524404.352065, 56
1728524404.372815, 56
1728524404.403501, 57
1728524404.419766, 57
1728524404.436481, 58
1728524404.455703, 58
1728524404.472590, 58
1728524404.505775, 58
1728524404.540266, 57
1728524404.577112, 59
1728524404.596885, 60
1728524404.636229, 57
1728524404.665989, 55
1728524404.687356, 57
1728524404.714938, 57
1728524404.730777, 59
1728524404.761793, 59
1728524404.779294, 62
1728524404.803121, 59
1728524404.823518, 59
1728524404.847599, 58
1728524404.869296, 60
1728524404.892010, 59
1728524404.907768, 59
1728524404.922857, 60
1728524404.942661, 59
1728524404.971387, 61
1728524405.000506, 58
1728524405.018917, 59
1728524405.047166, 58
1728524405.075926, 59
1728524405.095409, 59
1728524405.112936, 58
1728524405.142375, 60
1728524405.174904, 60
1728524405.201387, 59
1728524405.228764, 60
1728524405.246138, 60
1728524405.266765, 59
1728524405.290325, 59
1728524405.306820, 59
1728524405.329526, 58
1728524405.363399, 61
1728524405.395641, 59
1728524405.427685, 59
1728524405.445790, 60
1728524405.462463, 58
1728524405.478575, 62
1728524405.492010, 61
1728524405.508155, 60
1728524405.525313, 62
1728524405.549629, 62
1728524405.567856, 60
1728524405.595021, 62
1728524405.618178, 61
1728524405.650865, 60
1728524405.679094, 59
1728524405.695601, 60
1728524405.715007, 59
1728524405.732264, 58
1728524405.750227, 60
1728524405.775196, 59
1728524405.795532, 60
1728524405.814870, 63
1728524405.840358, 62
1728524405.859210, 61
1728524405.879590, 63
1728524405.897433, 61
1728524405.919333, 62
1728524405.947891, 60
1728524405.972767, 64
1728524405.999125, 63
1728524406.021108, 60
1728524406.049118, 60
1728524406.068675, 60
1728524406.101314, 60
1728524406.146894, 62
1728524406.163211, 63
1728524406.182820, 62
1728524406.201952, 60
1728524406.228317, 61
1728524406.254608, 63
1728524406.275797, 60
1728524406.303232, 63
1728524406.320930, 62
1728524406.340280, 62
1728524406.360692, 61
1728524406.380531, 63
1728524406.396287, 61
1728524406.413768, 62
1728524406.441972, 61
1728524406.465386, 61
1728524406.483000, 63
1728524406.505643, 63
1728524406.522373, 65
1728524406.552764, 63
1728524406.573803, 63
1728524406.605424, 65
1728524406.634416, 62
1728524406.663575, 63
1728524406.679688, 62
1728524406.706270, 64
1728524406.724937, 62
1728524406.748928, 61
1728524406.768006, 62
1728524406.790940, 64
1728524406.808309, 62
1728524406.826453, 63
1728524406.851105, 63
1728524406.885277, 64
1728524406.914315, 63
1728524406.947545, 64
1728524406.971718, 64
1728524407.015078, 65
1728524407.046436, 65
1728524407.085480, 64
1728524407.115014, 64
1728524407.132629, 62
1728524407.158050, 64
1728524407.176025, 63
1728524407.201071, 62
1728524407.224548, 64
1728524407.255007, 64
1728524407.281821, 66
1728524407.302527, 63
1728524407.326219, 65
1728524407.354176, 66
1728524407.371702, 66
1728524407.390158, 64
1728524407.417713, 64
1728524407.448644, 64
1728524407.481175, 64
1728524407.499198, 64
1728524407.521128, 64
1728524407.542497, 65
1728524407.575023, 62
1728524407.600270, 64
1728524407.618494, 65
1728524407.636470, 66
1728524407.656787, 66
1728524407.673352, 65
1728524407.696544, 68
1728524407.720785, 67
1728524407.738042, 66
1728524407.764843, 65
1728524407.793525, 66
1728524407.821036, 65
1728524407.853784, 64
1728524407.894691, 64
1728524407.914644, 64
1728524407.937140, 64
1728524407.955304, 65
1728524407.971471, 64
1728524407.986070, 67
1728524408.000246, 66
1728524408.025668, 66
1728524408.052491, 66
1728524408.072048, 66
1728524408.091553, 67
1728524408.111097, 67
1728524408.133974, 66
1728524408.150300, 67
1728524408.177719, 65
1728524408.194985, 65
1728524408.222558, 66
1728524408.251176, 65
1728524408.278041, 64
1728524408.299517, 66
1728524408.343319, 68
1728524408.363929, 65
1728524408.380710, 66
1728524408.411054, 67
1728524408.426441, 65
1728524408.445322, 67
1728524408.472685, 69
1728524408.504774, 67
1728524408.540777, 67
1728524408.556443, 69
1728524408.577322, 66
1728524408.592205, 65
1728524408.621807, 65
1728524408.642519, 66
1728524408.669582, 66
1728524408.692208, 68
1728524408.715495, 68
1728524408.747792, 67
1728524408.777719, 69
1728524408.801608, 68
1728524408.822154, 67
1728524408.853052, 68
1728524408.887131, 68
1728524408.911597, 67
1728524408.929305, 66
1728524408.954656, 66
1728524408.984217, 66
1728524409.002723, 69
1728524409.021161, 68
1728524409.053181, 69
1728524409.081404, 66
1728524409.101217, 70
1728524409.137820, 67
1728524409.157247, 67
1728524409.184448, 68
1728524409.208754, 71
1728524409.227092, 69
1728524409.254049, 66
1728524409.280054, 68
1728524409.315378, 69
1728524409.347123, 68
1728524409.366715, 67
1728524409.385011, 69
1728524409.412471, 70
1728524409.446442, 68
1728524409.478690, 69
1728524409.516836, 69
1728524409.532009, 70
1728524409.553561, 71
1728524409.568716, 69
1728524409.587044, 70
1728524409.611432, 68
1728524409.635116, 69
1728524409.651779, 68
1728524409.675147, 66
1728524409.692083, 68
1728524409.718066, 67
1728524409.742242, 67
1728524409.756884, 70
1728524409.780051, 69
1728524409.800477, 68
1728524409.823907, 72
1728524409.844757, 70
1728524409.871289, 69
1728524409.888441, 69
1728524409.905972, 72
1728524409.934518, 70
1728524409.965570, 69
1728524409.989740, 70
1728524410.018272, 70
1728524410.037249, 71
1728524410.054438, 69
1728524410.073161, 67
1728524410.090358, 70
1728524410.106581, 69
1728524410.127265, 69
1728524410.149323, 69
1728524410.174053, 68
1728524410.208020, 70
1728524410.227142, 71
1728524410.246129, 69
1728524410.263443, 70
1728524410.290604, 70
1728524410.316647, 71
1728524410.335349, 73
1728524410.356385, 73
1728524410.377122, 71
1728524410.400963, 72
1728524410.422421, 71
1728524410.440043, 69
1728524410.472798, 70
1728524410.504138, 70
1728524410.535589, 72
1728524410.574250, 70
1728524410.599524, 70
1728524410.617101, 72
1728524410.634818, 71
1728524410.654972, 72
1728524410.684645, 71
1728524410.713225, 70
1728524410.741546, 70
1728524410.766431, 70
1728524410.782434, 71
1728524410.801836, 70
1728524410.820212, 70
1728524410.848241, 70
1728524410.876330, 71
1728524410.902131, 72
1728524410.923370, 70
1728524410.942013, 71
1728524410.961775, 71
1728524410.982728, 71
1728524411.009763, 71
1728524411.028755, 73
1728524411.049556, 73
1728524411.067798, 72
1728524411.090955, 73
1728524411.118132, 72
1728524411.146183, 71
1728524411.172854, 73
1728524411.203089, 72
1728524411.222932, 72
1728524411.249050, 73
1728524411.274111, 70
1728524411.306455, 71
1728524411.330215, 72
1728524411.359691, 73
1728524411.384455, 73
1728524411.419153, 72
1728524411.443399, 72
1728524411.458573, 72
1728524411.483754, 74
1728524411.511274, 71
1728524411.530417, 73
1728524411.551944, 70
1728524411.570112, 72
1728524411.588257, 73
1728524411.607252, 73
1728524411.626445, 71
1728524411.660030, 75
1728524411.686662, 73
1728524411.705839, 72
1728524411.732924, 73
1728524411.761848, 73
1728524411.788658, 74
1728524411.809039, 73
1728524411.827720, 73
1728524411.854438, 76
1728524411.876125, 74
1728524411.901575, 75
1728524411.924595, 73
1728524411.949658, 74
1728524411.973011, 74
1728524411.988003, 73
1728524412.009127, 75
1728524412.044203, 73
1728524412.061064, 73
1728524412.084760, 76
1728524412.113855, 74
1728524412.130474, 74
1728524412.147389, 73
1728524412.171880, 74
1728524412.198949, 74
1728524412.216483, 76
1728524412.242953, 77
1728524412.259230, 75
1728524412.286786, 74
1728524412.316440, 74
1728524412.335340, 76
1728524412.352343, 73
1728524412.381021, 74
1728524412.396814, 74
1728524412.421727, 75
1728524412.449678, 74
1728524412.476997, 74
1728524412.500360, 75
1728524412.517284, 74
1728524412.541464, 76
1728524412.569324, 74
1728524412.596047, 74
1728524412.620536, 75
1728524412.647269, 76
1728524412.674822, 73
1728524412.704167, 73
1728524412.719451, 74
1728524412.751713, 76
1728524412.772284, 75
1728524412.788065, 74
1728524412.815318, 75
1728524412.837825, 76
1728524412.859369, 76
1728524412.876485, 75
1728524412.901308, 76
1728524412.928836, 74
1728524412.948752, 77
1728524412.970795, 76
1728524412.987640, 77
1728524413.023453, 74
1728524413.042893, 74
1728524413.067074, 73
1728524413.093952, 76
1728524413.112964, 76
1728524413.147429, 76
1728524413.181576, 75
1728524413.200097, 77
1728524413.217235, 78
1728524413.245334, 77
1728524413.273701, 75
1728524413.302323, 77
1728524413.331935, 76
1728524413.361045, 78
1728524413.431167, 76
1728524413.449926, 75
1728524413.483575, 74
1728524413.515281, 78
1728524413.545305, 75
1728524413.570856, 76
1728524413.588613, 77
1728524413.620277, 77
1728524413.639797, 78
1728524413.661508, 79
1728524413.690395, 77
1728524413.714155, 77
1728524413.731867, 75
1728524413.762097, 78
1728524413.787083, 76
1728524413.819051, 76
1728524413.847685, 77
1728524413.873473, 77
1728524413.891483, 77
1728524413.922214, 77
1728524413.944884, 77
1728524413.961187, 76
1728524413.982130, 76
1728524414.010198, 79
1728524414.031136, 78
1728524414.051111, 77
1728524414.068891, 78
1728524414.085907, 77
1728524414.105743, 80
1728524414.132794, 77
1728524414.152070, 78
1728524414.178834, 77
1728524414.204099, 77
1728524414.229916, 78
1728524414.247999, 80
1728524414.268919, 75
1728524414.298697, 75
1728524414.315695, 75
1728524414.332236, 76
1728524414.356180, 75
1728524414.373962, 77
1728524414.389355, 77
1728524414.423625, 77
1728524414.445771, 79
1728524414.469045, 79
1728524414.506660, 78
1728524414.525071, 78
1728524414.552644, 78
1728524414.572115, 80
1728524414.587686, 78
1728524414.614100, 77
1728524414.628776, 77
1728524414.661178, 79
1728524414.680302, 78
1728524414.700897, 78
1728524414.724351, 81
1728524414.749678, 79
1728524414.768243, 78
1728524414.800025, 78
1728524414.817183, 78
1728524414.832176, 76
1728524414.855501, 78
1728524414.892898, 79
1728524414.910996, 80
1728524414.927745, 79
1728524414.956044, 78
1728524414.982033, 81
1728524415.003164, 81
1728524415.023723, 80
1728524415.048388, 79
1728524415.066503, 80
1728524415.081882, 81
1728524415.122308, 81
1728524415.141701, 79
1728524415.172911, 80
1728524415.192516, 80
1728524415.216527, 78
1728524415.235460, 77
1728524415.262723, 79
1728524415.295591, 79
1728524415.318822, 80
1728524415.349623, 79
1728524415.380789, 79
1728524415.410940, 79
1728524415.443843, 79
1728524415.470610, 79
1728524415.494719, 81
1728524415.515743, 82
1728524415.538242, 79
1728524415.566054, 79
1728524415.586459, 80
1728524415.603433, 81
1728524415.624590, 79
1728524415.651794, 80
1728524415.682199, 80
1728524415.709835, 79
1728524415.741577, 80
1728524415.766353, 83
1728524415.786703, 82
1728524415.804436, 80
1728524415.835861, 81
1728524415.863371, 81
1728524415.893507, 80
1728524415.918505, 80
1728524415.938230, 81
1728524415.954588, 80
1728524415.975113, 79
1728524415.993846, 79
1728524416.020322, 79
1728524416.038036, 80
1728524416.066519, 80
1728524416.087662, 83
1728524416.110380, 83
1728524416.147988, 83
1728524416.163309, 82
1728524416.180857, 81
1728524416.207446, 81
1728524416.227262, 80
1728524416.255195, 81
1728524416.274827, 83
1728524416.294027, 81
1728524416.308789, 81
1728524416.330558, 81
1728524416.350773, 82
1728524416.372291, 83
1728524416.393491, 80
1728524416.422980, 80
1728524416.445151, 81
1728524416.465889, 82
1728524416.487863, 81
1728524416.514294, 82
1728524416.541853, 83
1728524416.602513, 81
1728524416.621864, 82
1728524416.666979, 80
1728524416.693013, 81
1728524416.714971, 83
1728524416.731693, 81
1728524416.753691, 82
1728524416.779876, 81
1728524416.806088, 81
1728524416.821762, 81
1728524416.855152, 80
1728524416.871750, 81
1728524416.887859, 82
1728524416.907817, 81
1728524416.928770, 84
1728524416.955815, 84
1728524416.974055, 83
1728524417.000709, 83
1728524417.017668, 80
1728524417.041842, 83
1728524417.075450, 82
1728524417.108254, 83
1728524417.140239, 84
1728524417.160722, 83
1728524417.178151, 82
1728524417.208109, 82
1728524417.234207, 81
1728524417.263024, 81
1728524417.282791, 83
1728524417.303758, 82
1728524417.331595, 82
1728524417.348773, 83
1728524417.372840, 84
1728524417.400992, 83
1728524417.431653, 83
1728524417.460423, 83
1728524417.479750, 84
1728524417.501086, 83
1728524417.518198, 83
1728524417.542604, 83
1728524417.560922, 83
1728524417.588427, 85
1728524417.608247, 85
1728524417.624924, 82
1728524417.654914, 83
1728524417.679182, 83
1728524417.697961, 84
1728524417.725261, 83
1728524417.753211, 84
1728524417.779972, 84
1728524417.809122, 84
1728524417.836635, 83
1728524417.866466, 83
1728524417.893805, 83
1728524417.911047, 85
1728524417.928774, 84
1728524417.961383, 83
1728524417.985384, 85
1728524418.007244, 88
1728524418.037155, 84
1728524418.056047, 83
1728524418.078074, 84
1728524418.104265, 86
1728524418.126586, 84
1728524418.161728, 84
1728524418.181729, 86
1728524418.202532, 85
1728524418.221079, 83
1728524418.248289, 84
1728524418.279936, 83
1728524418.308435, 85
1728524418.336252, 84
1728524418.366387, 85
1728524418.391070, 87
1728524418.414790, 84
1728524418.436603, 86
1728524418.451831, 85
1728524418.471019, 84
1728524418.493074, 82
1728524418.519413, 85
1728524418.543788, 84
1728524418.562770, 83
1728524418.586067, 84
1728524418.637286, 85
1728524418.671596, 86
1728524418.697683, 84
1728524418.719405, 85
1728524418.743857, 85
1728524418.771750, 85
1728524418.800097, 85
1728524418.818160, 86
1728524418.835247, 84
1728524418.858624, 87
1728524418.873726, 87
1728524418.892345, 84
1728524418.913868, 83
1728524418.941001, 86
1728524418.969135, 84
1728524418.992446, 83
1728524419.020089, 86
1728524419.043102, 87
1728524419.058883, 87
1728524419.078096, 84
1728524419.095968, 86
1728524419.127793, 88
1728524419.149449, 85
1728524419.169556, 87
1728524419.190939, 85
1728524419.211895, 86
1728524419.237306, 85
1728524419.252887, 85
1728524419.272803, 87
1728524419.297934, 86
1728524419.323072, 86
1728524419.342659, 87
1728524419.362765, 85
1728524419.383087, 85
1728524419.408740, 86
1728524419.446556, 85
1728524419.465575, 85
1728524419.484829, 86
1728524419.507352, 86
1728524419.540000, 86
1728524419.567497, 87
1728524419.586405, 90
1728524419.609678, 86
1728524419.636640, 85
1728524419.661189, 90
1728524419.681284, 87
1728524419.704270, 86
1728524419.723422, 87
1728524419.744578, 87
1728524419.764666, 88
1728524419.794655, 86
1728524419.825989, 85
1728524419.844661, 88
1728524419.863796, 85
1728524419.894757, 84
1728524419.911002, 88
1728524419.929229, 87
1728524419.955380, 87
1728524419.972836, 89
1728524419.988894, 87
1728524420.018825, 87
1728524420.045966, 87
1728524420.062857, 87
1728524420.079746, 87
1728524420.100758, 87
1728524420.120618, 90
1728524420.150517, 86
1728524420.168768, 88
1728524420.185327, 89
1728524420.201509, 88
1728524420.223103, 86
1728524420.252882, 86
1728524420.297554, 88
1728524420.327242, 87
1728524420.361513, 89
1728524420.387042, 90
1728524420.405273, 87
1728524420.421472, 87
1728524420.436757, 87
1728524420.455714, 87
1728524420.484443, 86
1728524420.502833, 89
1728524420.518337, 89
1728524420.544847, 88
1728524420.574145, 87
1728524420.605963, 89
1728524420.639908, 88
1728524420.663607, 87
1728524420.695098, 89
1728524420.717810, 87
1728524420.742537, 87
1728524420.773607, 87
1728524420.808578, 87
1728524420.838676, 88
1728524420.868563, 88
1728524420.886935, 89
1728524420.906796, 88
1728524420.926191, 89
1728524420.947572, 88
1728524420.964614, 88
1728524420.988783, 90
1728524421.013272, 89
1728524421.038178, 88
1728524421.060954, 87
1728524421.095565, 87
1728524421.113210, 87
1728524421.153764, 89
1728524421.170662, 88
1728524421.203135, 88
1728524421.228876, 89
1728524421.255360, 89
1728524421.276963, 91
1728524421.296811, 90
1728524421.333563, 89
1728524421.353790, 91
1728524421.380016, 89
1728524421.411536, 90
1728524421.443514, 90
1728524421.471453, 88
1728524421.502503, 89
1728524421.519120, 88
1728524421.539094, 89
1728524421.560894, 89
1728524421.582492, 89
1728524421.607319, 90
1728524421.636709, 90
1728524421.654395, 90
1728524421.688263, 91
1728524421.717964, 89
1728524421.736565, 91
1728524421.760070, 92
1728524421.786222, 89
1728524421.810164, 91
1728524421.830087, 91
1728524421.858195, 90
1728524421.875308, 93
1728524421.893493, 89
1728524421.916950, 90
1728524421.939759, 90
1728524421.963175, 89
1728524421.982649, 92
1728524422.004944, 90
1728524422.027078, 89
1728524422.046238, 89
1728524422.067022, 90
1728524422.095288, 91
1728524422.128368, 91
1728524422.155491, 93
1728524422.183794, 91
1728524422.203159, 90
1728524422.223111, 92
1728524422.242803, 90
1728524422.272214, 91
1728524422.287374, 92
1728524422.310319, 90
1728524422.338266, 91
1728524422.356038, 91
1728524422.372972, 92
1728524422.398044, 90
1728524422.417129, 91
1728524422.433796, 89
1728524422.466404, 92
1728524422.495097, 90
1728524422.517739, 90
1728524422.533591, 90
1728524422.553784, 93
1728524422.569918, 93
1728524422.585093, 92
1728524422.614492, 92
1728524422.640710, 91
1728524422.666917, 90
1728524422.686149, 91
1728524422.710501, 92
1728524422.729831, 90
1728524422.759486, 90
1728524422.776726, 93
1728524422.792276, 91
1728524422.811433, 92
1728524422.828349, 92
1728524422.851937, 93
1728524422.882145, 90
1728524422.910933, 90
1728524422.938529, 89
1728524422.957286, 92
1728524422.975903, 93
1728524423.000111, 92
1728524423.035000, 94
1728524423.062661, 90
1728524423.091896, 92
1728524423.119514, 90
1728524423.139848, 95
1728524423.159400, 92
1728524423.179724, 92
1728524423.208767, 91
1728524423.225684, 94
1728524423.243779, 94
1728524423.265492, 93
1728524423.288949, 91
1728524423.317230, 91
1728524423.333632, 91
1728524423.361788, 90
1728524423.383899, 92
1728524423.406834, 91
1728524423.425305, 92
1728524423.453626, 94
1728524423.483506, 92
1728524423.503191, 92
1728524423.523000, 93
1728524423.551710, 92
1728524423.588178, 93
1728524423.618658, 91
1728524423.637531, 95
1728524423.668986, 91
1728524423.699953, 92
1728524423.719334, 92
1728524423.742816, 92
1728524423.768954, 93
1728524423.789568, 91
1728524423.812018, 93
1728524423.837673, 92
1728524423.859535, 93
1728524423.877583, 96
1728524423.907670, 94
1728524423.939018, 94
1728524423.965138, 93
1728524423.994936, 93
1728524424.012908, 95
1728524424.025884, 94
1728524424.047880, 94
1728524424.068306, 93
1728524424.089912, 93
1728524424.106712, 94
1728524424.140608, 96
1728524424.165115, 97
1728524424.186639, 96
1728524424.203307, 94
1728524424.224854, 93
1728524424.252304, 94
1728524424.276374, 94
1728524424.298685, 93
1728524424.327987, 94
1728524424.363979, 93
1728524424.398511, 95
1728524424.428112, 93
1728524424.445491, 93
1728524424.466856, 93
1728524424.497716, 95
1728524424.525015, 95
1728524424.553276, 94
1728524424.579856, 94
1728524424.600288, 95
1728524424.624232, 95
1728524424.646316, 96
1728524424.668319, 94
1728524424.697769, 94
1728524424.716314, 93
1728524424.732751, 93
1728524424.753050, 96
1728524424.775658, 94
1728524424.795647, 92
1728524424.821107, 94
1728524424.856575, 98
1728524424.888611, 96
1728524424.905815, 96
1728524424.925090, 97
1728524424.950566, 95
1728524424.970247, 94
1728524424.996581, 96
1728524425.012012, 96
1728524425.037252, 96
1728524425.061819, 99
1728524425.086465, 95
1728524425.107618, 95
1728524425.126300, 94
1728524425.158972, 95
1728524425.181448, 95
1728524425.200898, 95
1728524425.216162, 96
1728524425.238536, 96
1728524425.259016, 96
1728524425.281930, 93
1728524425.310528, 93
1728524425.338807, 95
1728524425.357163, 97
1728524425.380520, 95
1728524425.397164, 94
1728524425.428809, 95
1728524425.461807, 95
1728524425.492044, 96
1728524425.513691, 94
1728524425.531325, 95
1728524425.556582, 94
1728524425.574945, 96
1728524425.596933, 97
1728524425.613125, 97
1728524425.646874, 97
1728524425.670998, 96
1728524425.694286, 95
1728524425.719456, 96
1728524425.740879, 98
1728524425.764287, 94
1728524425.795559, 95
1728524425.827562, 93
1728524425.855196, 95
1728524425.879442, 96
1728524425.909784, 99
1728524425.930416, 96
1728524425.963822, 97
1728524425.979949, 95
1728524425.998769, 94
1728524426.016038, 95
1728524426.036998, 96
1728524426.066893, 97
1728524426.093701, 97
1728524426.119600, 98
1728524426.148210, 97
1728524426.173366, 97
1728524426.201327, 96
1728524426.229178, 96
1728524426.257498, 95
1728524426.274229, 96
1728524426.296805, 95
1728524426.325381, 95
1728524426.360014, 96
1728524426.387873, 98
1728524426.407395, 98
1728524426.425241, 97
1728524426.451693, 97
1728524426.484929, 97
1728524426.509081, 97
1728524426.528126, 98
1728524426.547122, 99
1728524426.566252, 97
1728524426.582534, 97
1728524426.599260, 96
1728524426.621225, 95
1728524426.644525, 98
1728524426.666665, 96
1728524426.685838, 96
1728524426.702802, 97
1728524426.721280, 98
1728524426.747711, 96
1728524426.776626, 97
1728524426.793425, 97
1728524426.813427, 97
1728524426.833886, 96
1728524426.849322, 98
1728524426.888592, 98
1728524426.911296, 98
1728524426.935956, 98
1728524426.967253, 96
1728524426.997524, 96
1728524427.029786, 97
1728524427.055949, 96
1728524427.083211, 95
1728524427.103308, 97
1728524427.129031, 98
1728524427.149614, 97
1728524427.178490, 97
1728524427.207332, 98
1728524427.230548, 96
1728524427.254133, 97
1728524427.273900, 97
1728524427.301124, 95
1728524427.330453, 96
1728524427.361902, 96
1728524427.386395, 99
1728524427.409882, 97
1728524427.438889, 97
1728524427.462497, 95
1728524427.483824, 93
1728524427.503170, 96
1728524427.525464, 92
1728524427.545889, 95
1728524427.565432, 92
1728524427.590322, 92
1728524427.620493, 88
1728524427.659837, 77
1728524427.679151, 67
1728524427.704273, 65
1728524427.730023, 64
1728524427.749027, 60
1728524427.771574, 49
1728524427.807447, 46
1728524427.832047, 46
1728524427.858425, 46
1728524427.875232, 45
1728524427.893583, 46
1728524427.917848, 48
1728524427.938574, 47
1728524427.983692, 45
1728524428.002595, 45
1728524428.022893, 46
1728524428.048971, 46
1728524428.071924, 47
1728524428.090941, 46
1728524428.108597, 49
1728524428.136722, 48
1728524428.157655, 46
1728524428.184594, 46
1728524428.199337, 47
1728524428.216420, 46
1728524428.244576, 47
1728524428.261799, 49
1728524428.284620, 47
1728524428.314107, 48
1728524428.337845, 46
1728524428.366918, 46
1728524428.396268, 48
1728524428.430803, 47
1728524428.450579, 48
1728524428.468091, 47
1728524428.500110, 49
1728524428.520301, 49
1728524428.545707, 50
1728524428.563565, 48
1728524428.584247, 49
1728524428.603302, 48
1728524428.639384, 49
1728524428.660581, 47
1728524428.681289, 48
1728524428.699141, 48
1728524428.727919, 49
1728524428.756529, 49
1728524428.779220, 48
1728524428.808448, 49
1728524428.837247, 48
1728524428.855416, 50
1728524428.874745, 48
1728524428.904334, 49
1728524428.924219, 48
1728524428.947492, 49
1728524428.973957, 49
1728524429.002715, 49
1728524429.021111, 49
1728524429.037977, 49
1728524429.062099, 49
1728524429.087106, 48
1728524429.104996, 50
1728524429.129567, 50
1728524429.162448, 52
1728524429.201530, 52
1728524429.222726, 48
1728524429.243580, 50
1728524429.263076, 49
1728524429.282169, 48
1728524429.314162, 50
1728524429.343487, 50
1728524429.361828, 52
1728524429.384469, 52
1728524429.409804, 49
1728524429.436866, 50
1728524429.454279, 52
1728524429.473453, 51
1728524429.491050, 50
1728524429.509502, 50
1728524429.532348, 50
1728524429.554657, 52
1728524429.575926, 50
1728524429.597625, 50
1728524429.626736, 52
1728524429.656833, 53
1728524429.676177, 53
1728524429.703393, 52
1728524429.732353, 51
1728524429.756927, 55
1728524429.774723, 51
1728524429.792644, 52
1728524429.823245, 52
1728524429.842226, 50
1728524429.869657, 51
1728524429.887194, 50
1728524429.916020, 52
1728524429.938383, 50
1728524429.964134, 55
1728524429.999070, 54
1728524430.018762, 53
1728524430.034490, 51
1728524430.059435, 52
1728524430.082550, 54
1728524430.111326, 54
1728524430.156608, 52
1728524430.175366, 56
1728524430.204830, 51
1728524430.225740, 51
1728524430.248158, 52
1728524430.263939, 51
1728524430.284037, 52
1728524430.303415, 53
1728524430.322908, 51
1728524430.349486, 54
1728524430.376005, 54
1728524430.397800, 52
1728524430.420945, 53
1728524430.448508, 52
1728524430.467544, 53
1728524430.490117, 55
1728524430.505635, 54
1728524430.532271, 53
1728524430.551407, 53
1728524430.567084, 53
1728524430.590348, 51
1728524430.628639, 52
1728524430.651108, 54
1728524430.685271, 54
1728524430.709310, 56
1728524430.727253, 54
1728524430.745630, 55
1728524430.764452, 53
1728524430.793888, 55
1728524430.819896, 54
1728524430.843432, 54
1728524430.863676, 56
1728524430.890023, 54
1728524430.911725, 54
1728524430.928997, 53
1728524430.956376, 52
1728524430.982053, 56
1728524431.002844, 54
1728524431.020362, 53
1728524431.037862, 56
1728524431.059183, 54
1728524431.084099, 53
1728524431.102741, 54
1728524431.119787, 55
1728524431.145809, 55
1728524431.170336, 53
1728524431.185829, 53
1728524431.209041, 54
1728524431.245691, 54
1728524431.273127, 53
1728524431.300002, 54
1728524431.331481, 53
1728524431.360868, 55
1728524431.387734, 57
1728524431.405141, 55
1728524431.425163, 55
1728524431.453756, 56
1728524431.469774, 56
1728524431.489704, 55
1728524431.521401, 55
1728524431.537803, 55
1728524431.553353, 53
1728524431.574229, 56
1728524431.611889, 55
1728524431.642380, 56
1728524431.669179, 55
1728524431.695165, 56
1728524431.711831, 57
1728524431.740614, 57
1728524431.768739, 58
1728524431.791740, 56
1728524431.829232, 57
1728524431.844529, 55
1728524431.869624, 56
1728524431.887154, 56
1728524431.907015, 56
1728524431.926126, 56
1728524431.947998, 57
1728524431.968539, 57
1728524431.998058, 57
1728524432.030960, 59
1728524432.065101, 57
1728524432.095123, 57
1728524432.125035, 56
1728524432.149416, 56
1728524432.165335, 56
1728524432.183390, 55
1728524432.205876, 56
1728524432.226151, 57
1728524432.253543, 56
1728524432.294744, 58
1728524432.319854, 58
1728524432.347381, 58
1728524432.372941, 58
1728524432.400860, 59
1728524432.419797, 58
1728524432.437077, 59
1728524432.464496, 60
1728524432.490695, 57
1728524432.513758, 58
1728524432.539319, 58
1728524432.565440, 59
1728524432.592231, 60
1728524432.609551, 57
1728524432.649702, 61
1728524432.672103, 59
1728524432.692072, 57
1728524432.708091, 59
1728524432.730762, 58
1728524432.750950, 60
1728524432.768239, 58
1728524432.792951, 58
1728524432.813431, 58
1728524432.842235, 59
1728524432.859075, 59
1728524432.881820, 57
1728524432.907206, 58
1728524432.923948, 59
1728524432.945429, 60
1728524432.973883, 59
1728524433.004326, 59
1728524433.025350, 60
1728524433.043323, 57
1728524433.073274, 59
1728524433.102648, 59
1728524433.120988, 60
1728524433.144645, 60
1728524433.160023, 58
1728524433.178425, 58
1728524433.217929, 61
1728524433.251252, 59
1728524433.284534, 60
1728524433.314425, 58
1728524433.334904, 59
1728524433.358560, 60
1728524433.378307, 62
1728524433.400205, 59
1728524433.419459, 60
1728524433.440785, 62
1728524433.461175, 60
1728524433.479530, 59
1728524433.505698, 60
1728524433.529573, 59
1728524433.550240, 59
1728524433.569540, 59
1728524433.598340, 59
1728524433.623713, 60
1728524433.661320, 61
1728524433.686099, 62
1728524433.718894, 62
1728524433.737990, 62
1728524433.755244, 61
1728524433.773562, 60
1728524433.789840, 61
1728524433.807105, 62
1728524433.835146, 62
1728524433.868710, 59
1728524433.897014, 60
1728524433.918128, 61
1728524433.936468, 60
1728524433.956343, 60
1728524433.978144, 61
1728524433.997306, 63
1728524434.028509, 61
1728524434.052793, 62
1728524434.069953, 63
1728524434.090365, 64
1728524434.109594, 62
1728524434.142985, 61
1728524434.173362, 61
1728524434.206017, 63
1728524434.243769, 62
1728524434.262196, 62
1728524434.292259, 62
1728524434.317069, 62
1728524434.342472, 65
1728524434.362793, 62
1728524434.388677, 62
1728524434.409478, 62
1728524434.436194, 64
1728524434.463635, 63
1728524434.481721, 64
1728524434.497136, 64
1728524434.525167, 63
1728524434.541752, 62
1728524434.558661, 62
1728524434.579738, 64
1728524434.596325, 61
1728524434.617440, 63
1728524434.646878, 60
1728524434.662941, 62
1728524434.684771, 60
1728524434.716314, 62
1728524434.750643, 65
1728524434.770180, 63
1728524434.800773, 64
1728524434.818068, 65
1728524434.836163, 62
1728524434.865525, 64
1728524434.901184, 63
1728524434.919126, 62
1728524434.947984, 62
1728524434.969451, 63
1728524435.006877, 61
1728524435.028136, 63
1728524435.050897, 65
1728524435.070072, 65
1728524435.089323, 62
1728524435.116657, 64
1728524435.154886, 65
1728524435.171779, 63
1728524435.198890, 65
1728524435.232164, 64
1728524435.251304, 65
1728524435.269186, 63
1728524435.292160, 64
1728524435.324774, 62
1728524435.349533, 62
1728524435.367565, 62
1728524435.384231, 63
1728524435.407751, 64
1728524435.423957, 63
1728524435.450752, 65
1728524435.476797, 65
1728524435.493261, 63
1728524435.507926, 65
1728524435.535749, 65
1728524435.564469, 64
1728524435.589890, 67
1728524435.630265, 65
1728524435.654083, 67
1728524435.671416, 65
1728524435.699926, 65
1728524435.720902, 63
1728524435.735570, 64
1728524435.771848, 65
1728524435.801325, 67
1728524435.829238, 66
1728524435.855013, 67
1728524435.878322, 67
1728524435.914490, 66
1728524435.940994, 66
1728524435.972198, 66
1728524435.997550, 66
1728524436.025489, 68
1728524436.051186, 67
1728524436.068308, 67
1728524436.091462, 66
1728524436.116014, 67
1728524436.153132, 65
1728524436.177105, 66
1728524436.197705, 67
1728524436.223258, 65
1728524436.267585, 68
1728524436.290258, 66
1728524436.311663, 68
1728524436.343593, 68
1728524436.366666, 69
1728524436.392344, 68
1728524436.408881, 68
1728524436.443501, 67
1728524436.477838, 70
1728524436.513490, 67
1728524436.540834, 66
1728524436.561733, 64
1728524436.582557, 64
1728524436.608007, 65
1728524436.625444, 66
1728524436.643899, 65
1728524436.670653, 67
1728524436.698680, 68
1728524436.716363, 69
1728524436.737423, 66
1728524436.776632, 66
1728524436.793670, 66
1728524436.819773, 68
1728524436.841043, 68
1728524436.871434, 69
1728524436.891777, 69
1728524436.914104, 67
1728524436.933985, 66
1728524436.949218, 68
1728524436.973747, 70
1728524436.994415, 68
1728524437.010982, 67
1728524437.028420, 67
1728524437.046364, 67
1728524437.078041, 68
1728524437.112646, 71
1728524437.151473, 67
1728524437.183743, 69
1728524437.200584, 68
1728524437.224286, 69
1728524437.254120, 67
1728524437.270220, 67
1728524437.289628, 68
1728524437.317875, 68
1728524437.348045, 65
1728524437.375432, 67
1728524437.392444, 66
1728524437.412167, 67
1728524437.432121, 67
1728524437.467358, 70
1728524437.501603, 70
1728524437.522795, 69
1728524437.543870, 68
1728524437.565846, 69
1728524437.593238, 67
1728524437.618896, 68
1728524437.648591, 70
1728524437.673164, 73
1728524437.695050, 72
1728524437.711895, 68
1728524437.735716, 68
1728524437.768203, 68
1728524437.785842, 69
1728524437.812261, 69
1728524437.829766, 68
1728524437.871131, 69
1728524437.898285, 68
1728524437.914958, 70
1728524437.936406, 71
1728524437.959161, 70
1728524437.983285, 68
1728524438.010544, 69
1728524438.044067, 70
1728524438.075787, 69
1728524438.096337, 69
1728524438.125381, 70
1728524438.154905, 71
1728524438.185009, 69
1728524438.203659, 68
1728524438.223291, 70
1728524438.252480, 72
1728524438.277413, 69
1728524438.315230, 72
1728524438.348592, 69
1728524438.377583, 70
1728524438.413423, 70
1728524438.433706, 70
1728524438.447693, 70
1728524438.466089, 71
1728524438.484784, 70
1728524438.508250, 71
1728524438.531757, 71
1728524438.554397, 71
1728524438.576391, 69
1728524438.600005, 71
1728524438.624171, 72
1728524438.646019, 70
1728524438.665140, 71
1728524438.684393, 71
1728524438.707260, 71
1728524438.734607, 73
1728524438.770849, 71
1728524438.799915, 70
1728524438.828824, 71
1728524438.855516, 71
1728524438.887683, 70
1728524438.912547, 72
1728524438.940742, 69
1728524438.965642, 72
1728524438.998415, 71
1728524439.019548, 74
1728524439.032769, 72
1728524439.059735, 72
1728524439.073887, 70
1728524439.090626, 71
1728524439.108874, 72
1728524439.123602, 73
1728524439.169271, 71
1728524439.195832, 71
1728524439.224426, 71
1728524439.256877, 72
1728524439.275732, 73
1728524439.300965, 71
1728524439.328824, 72
1728524439.359004, 72
1728524439.380971, 75
1728524439.398434, 74
1728524439.421045, 72
1728524439.445754, 71
1728524439.463461, 72
1728524439.488164, 73
1728524439.513360, 72
1728524439.539466, 72
1728524439.565658, 72
1728524439.590230, 74
1728524439.606893, 73
1728524439.623464, 71
1728524439.651684, 71
1728524439.672394, 71
1728524439.699246, 70
1728524439.715671, 71
1728524439.750919, 73
1728524439.770170, 73
1728524439.795532, 73
1728524439.823481, 72
1728524439.844780, 73
1728524439.873413, 74
1728524439.899547, 75
1728524439.926624, 73
1728524439.953194, 73
1728524439.982223, 72
1728524440.010311, 72
1728524440.041535, 73
1728524440.067641, 73
1728524440.088400, 74
1728524440.105438, 73
1728524440.122615, 76
1728524440.157023, 73
1728524440.179378, 76
1728524440.221059, 73
1728524440.243731, 73
1728524440.272388, 73
1728524440.289502, 73
1728524440.311846, 72
1728524440.331434, 75
1728524440.354014, 73
1728524440.368331, 74
1728524440.387251, 73
1728524440.417764, 74
1728524440.459406, 73
1728524440.476125, 72
1728524440.502462, 74
1728524440.529708, 72
1728524440.547871, 75
1728524440.567444, 74
1728524440.588699, 77
1728524440.610677, 75
1728524440.630643, 74
1728524440.649797, 74
1728524440.676454, 75
1728524440.702390, 76
1728524440.746824, 76
1728524440.763794, 76
1728524440.789311, 75
1728524440.805931, 75
1728524440.822804, 75
1728524440.851595, 73
1728524440.872937, 73
1728524440.896896, 73
1728524440.925448, 75
1728524440.950994, 76
1728524440.979979, 76
1728524441.007710, 74
1728524441.035578, 76
1728524441.061543, 74
1728524441.080453, 74
1728524441.097317, 75
1728524441.116326, 75
1728524441.153010, 74
1728524441.170653, 75
1728524441.198021, 75
1728524441.214247, 76
1728524441.231213, 75
1728524441.252729, 75
1728524441.275332, 77
1728524441.294792, 77
1728524441.309919, 76
1728524441.333139, 75
1728524441.348401, 76
1728524441.367760, 76
1728524441.386038, 74
1728524441.406944, 77
1728524441.430794, 75
1728524441.457581, 77
1728524441.474904, 78
1728524441.495162, 75
1728524441.523192, 77
1728524441.550290, 75
1728524441.579244, 74
1728524441.606813, 75
1728524441.625355, 74
1728524441.643130, 74
1728524441.673532, 76
1728524441.711680, 75
1728524441.728531, 77
1728524441.748914, 76
1728524441.766700, 76
1728524441.785980, 77
1728524441.812643, 77
1728524441.833693, 77
1728524441.850044, 75
1728524441.866653, 77
1728524441.882442, 77
1728524441.902425, 79
1728524441.925206, 78
1728524441.946118, 76
1728524441.963720, 78
1728524441.982123, 77
1728524442.005191, 75
1728524442.026116, 77
1728524442.041550, 77
1728524442.057407, 76
1728524442.090733, 78
1728524442.124278, 78
1728524442.156602, 78
1728524442.181080, 77
1728524442.204120, 78
1728524442.225668, 77
1728524442.257724, 78
1728524442.273758, 78
1728524442.304480, 79
1728524442.334254, 79
1728524442.353520, 78
1728524442.375149, 79
1728524442.400689, 78
1728524442.438880, 77
1728524442.456660, 77
1728524442.477803, 76
1728524442.504729, 76
1728524442.525056, 78
1728524442.547234, 77
1728524442.570686, 79
1728524442.601560, 76
1728524442.634331, 79
1728524442.672448, 80
1728524442.693835, 78
1728524442.720807, 77
1728524442.749326, 78
1728524442.766836, 79
1728524442.788456, 78
1728524442.815430, 79
1728524442.830963, 79
1728524442.848874, 77
1728524442.868775, 76
1728524442.899553, 76
1728524442.915998, 78
1728524442.945636, 78
1728524442.965628, 80
1728524442.980997, 79
1728524443.006916, 78
1728524443.025919, 78
1728524443.043093, 81
1728524443.059068, 79
1728524443.082628, 78
1728524443.111171, 78
1728524443.132782, 78
1728524443.150420, 79
1728524443.176338, 78
1728524443.195539, 78
1728524443.214362, 78
1728524443.233907, 78
1728524443.255642, 79
1728524443.278430, 81
1728524443.298907, 77
1728524443.336689, 80
1728524443.356217, 78
1728524443.372701, 79
1728524443.400248, 79
1728524443.425812, 80
1728524443.450010, 79
1728524443.472918, 80
1728524443.489625, 79
1728524443.509097, 80
1728524443.525016, 79
1728524443.541888, 78
1728524443.560439, 79
1728524443.580538, 79
1728524443.605146, 78
1728524443.631527, 78
1728524443.654981, 78
1728524443.677403, 78
1728524443.715068, 80
1728524443.734612, 80
1728524443.757659, 80
1728524443.782776, 80
1728524443.803509, 80
1728524443.822904, 79
1728524443.839087, 80
1728524443.859770, 80
1728524443.878075, 80
1728524443.898910, 80
1728524443.928788, 80
1728524443.944766, 82
1728524443.961612, 79
1728524443.991906, 78
1728524444.020101, 79
1728524444.048437, 80
1728524444.084543, 80
1728524444.103571, 80
1728524444.132851, 82
1728524444.154248, 80
1728524444.170548, 80
1728524444.188085, 81
1728524444.208333, 80
1728524444.226202, 79
1728524444.248440, 82
1728524444.271380, 81
1728524444.307314, 80
1728524444.325504, 82
1728524444.348346, 80
1728524444.374954, 80
1728524444.392342, 80
1728524444.419687, 83
1728524444.446795, 82
1728524444.460271, 81
1728524444.478632, 81
1728524444.496274, 82
1728524444.513314, 84
1728524444.529764, 80
1728524444.554239, 81
1728524444.580610, 81
1728524444.599703, 82
1728524444.616267, 81
1728524444.647296, 83
1728524444.674727, 84
1728524444.695788, 81
1728524444.722862, 82
1728524444.738760, 81
1728524444.768888, 79
1728524444.803853, 81
1728524444.833108, 81
1728524444.865895, 83
1728524444.897892, 82
1728524444.921884, 82
1728524444.937092, 84
1728524444.971176, 83
1728524444.991887, 82
1728524445.015457, 82
1728524445.048576, 82
1728524445.072613, 81
1728524445.095833, 84
1728524445.124127, 82
1728524445.152695, 82
1728524445.178264, 81
1728524445.204188, 83
1728524445.232549, 80
1728524445.260747, 81
1728524445.296055, 84
1728524445.312991, 82
1728524445.331690, 82
1728524445.361847, 83
1728524445.391593, 81
1728524445.417326, 83
1728524445.439575, 84
1728524445.458145, 83
1728524445.476226, 85
1728524445.508010, 85
1728524445.527387, 85
1728524445.547364, 84
1728524445.573653, 84
1728524445.597093, 83
1728524445.612533, 84
1728524445.640995, 81
1728524445.659532, 83
1728524445.679045, 84
1728524445.697648, 85
1728524445.722409, 82
1728524445.751430, 83
1728524445.769708, 85
1728524445.786003, 83
1728524445.806221, 84
1728524445.824148, 83
1728524445.842143, 84
1728524445.875528, 84
1728524445.891614, 83
1728524445.909357, 84
1728524445.926014, 85
1728524445.957154, 83
1728524445.979983, 84
1728524446.001389, 82
1728524446.021959, 83
1728524446.045885, 81
1728524446.073822, 84
1728524446.103312, 84
1728524446.142293, 84
1728524446.179012, 84
1728524446.210230, 85
1728524446.238698, 85
1728524446.269733, 84
1728524446.298780, 83
1728524446.316469, 87
1728524446.335874, 84
1728524446.363984, 84
1728524446.379558, 84
1728524446.401675, 84
1728524446.418408, 82
1728524446.443379, 83
1728524446.467688, 84
1728524446.502403, 84
1728524446.521564, 84
1728524446.540038, 85
1728524446.569753, 85
1728524446.591017, 85
1728524446.613142, 83
1728524446.639734, 85
1728524446.656747, 86
1728524446.683506, 83
1728524446.709208, 85
1728524446.732353, 86
1728524446.758943, 86
1728524446.778224, 86
1728524446.807632, 85
1728524446.839064, 85
1728524446.858574, 83
1728524446.883574, 86
1728524446.901931, 85
1728524446.922626, 87
1728524446.947837, 85
1728524446.975183, 85
1728524446.990178, 85
1728524447.014577, 86
1728524447.032217, 86
1728524447.051220, 87
1728524447.070730, 87
1728524447.106837, 85
1728524447.131242, 85
1728524447.163635, 88
1728524447.188915, 85
1728524447.215095, 86
1728524447.230564, 85
1728524447.250633, 85
1728524447.275622, 88
1728524447.301752, 87
1728524447.321738, 85
1728524447.343268, 85
1728524447.366314, 83
1728524447.392096, 87
1728524447.409527, 87
1728524447.449037, 85
1728524447.465135, 86
1728524447.496864, 88
1728524447.525444, 87
1728524447.572930, 87
1728524447.589237, 87
1728524447.619258, 86
1728524447.643133, 88
1728524447.667139, 89
1728524447.702487, 89
1728524447.728200, 89
1728524447.750761, 87
1728524447.772553, 88
1728524447.802925, 87
1728524447.826435, 90
1728524447.850449, 88
1728524447.879893, 88
1728524447.903298, 86
1728524447.920291, 85
1728524447.943560, 85
1728524447.964255, 85
1728524447.982811, 86
1728524448.008973, 87
1728524448.055036, 87
1728524448.073057, 86
1728524448.096874, 85
1728524448.112447, 87
1728524448.136321, 88
1728524448.157274, 87
1728524448.174799, 87
1728524448.205183, 88
1728524448.226002, 88
1728524448.257638, 90
1728524448.288005, 86
1728524448.308219, 86
1728524448.326864, 86
1728524448.354780, 88
1728524448.382857, 86
1728524448.413364, 88
1728524448.436596, 88
1728524448.452322, 88
1728524448.473507, 88
1728524448.497297, 88
1728524448.519110, 89
1728524448.538160, 87
1728524448.566195, 88
1728524448.596581, 87
1728524448.626463, 87
1728524448.643055, 90
1728524448.660530, 88
1728524448.697167, 88
1728524448.726736, 88
1728524448.743958, 89
1728524448.770712, 88
1728524448.793072, 89
1728524448.811852, 88
1728524448.844096, 88
1728524448.872712, 88
1728524448.900684, 88
1728524448.920797, 89
1728524448.935254, 89
1728524448.963214, 89
1728524448.979950, 88
1728524449.000709, 89
1728524449.035223, 89
1728524449.051861, 88
1728524449.075478, 89
1728524449.096865, 89
1728524449.114215, 89
1728524449.134020, 88
1728524449.162418, 89
1728524449.183866, 89
1728524449.205757, 89
1728524449.229355, 89
1728524449.256512, 88
1728524449.275169, 87
1728524449.302195, 87
1728524449.327003, 89
1728524449.347054, 89
1728524449.366962, 88
1728524449.391796, 89
1728524449.417857, 89
1728524449.446264, 89
1728524449.470628, 90
1728524449.506461, 89
1728524449.530797, 89
1728524449.558385, 89
1728524449.582591, 90
1728524449.603959, 90
1728524449.622477, 88
1728524449.652083, 90
1728524449.683856, 88
1728524449.715646, 89
1728524449.746476, 90
1728524449.764591, 90
1728524449.782691, 90
1728524449.811358, 89
1728524449.834403, 89
1728524449.855676, 89
1728524449.886590, 91
1728524449.915255, 91
1728524449.930567, 91
1728524449.948921, 91
1728524449.975037, 90
1728524449.998636, 91
1728524450.017457, 90
1728524450.039858, 90
1728524450.064522, 90
1728524450.084117, 89
1728524450.110703, 91
1728524450.128060, 91
1728524450.147853, 91
1728524450.167207, 89
1728524450.184633, 90
1728524450.220942, 91
1728524450.238070, 93
1728524450.259072, 91
1728524450.287634, 92
1728524450.315563, 92
1728524450.341619, 91
1728524450.374381, 91
1728524450.391296, 90
1728524450.412427, 92
1728524450.429395, 91
1728524450.453215, 91
1728524450.478738, 91
1728524450.499692, 92
1728524450.526022, 91
1728524450.554563, 92
1728524450.571944, 91
1728524450.598319, 91
1728524450.620687, 91
1728524450.646383, 90
1728524450.663751, 90
1728524450.682728, 92
1728524450.720971, 92
1728524450.742214, 93
1728524450.765074, 91
1728524450.791199, 92
1728524450.813292, 91
1728524450.832808, 89
1728524450.865052, 91
1728524450.883193, 92
1728524450.909331, 90
1728524450.929552, 93
1728524450.952554, 93
1728524450.971902, 92
1728524450.990185, 93
1728524451.009865, 94
1728524451.023096, 92
1728524451.040797, 93
1728524451.066594, 93
1728524451.086398, 91
1728524451.107796, 90
1728524451.137246, 92
1728524451.167850, 90
1728524451.192915, 91
1728524451.213849, 90
1728524451.244858, 92
1728524451.271948, 91
1728524451.289514, 93
1728524451.307189, 93
1728524451.337353, 91
1728524451.359184, 92
1728524451.379923, 93
1728524451.403238, 91
1728524451.435054, 91
1728524451.454735, 92
1728524451.472635, 90
1728524451.505478, 91
1728524451.541666, 90
1728524451.560798, 91
1728524451.593717, 91
1728524451.614326, 91
1728524451.640698, 93
1728524451.668677, 93
1728524451.697241, 92
1728524451.718157, 92
1728524451.749999, 94
1728524451.784053, 94
1728524451.800669, 91
1728524451.827621, 93
1728524451.851105, 92
1728524451.869120, 94
1728524451.888882, 93
1728524451.911630, 93
1728524451.936797, 94
