1728541068.021114, 0
1728541068.046718, 1
1728541068.063567, 0
1728541068.078366, 0
1728541068.090216, 1
1728541068.103486, 6
1728541068.115465, 4
1728541068.127833, 9
1728541068.144074, 14
1728541068.155854, 17
1728541068.167559, 17
1728541068.180134, 19
1728541068.193584, 20
1728541068.206720, 20
1728541068.223784, 20
1728541068.235816, 19
1728541068.247834, 20
1728541068.259645, 19
1728541068.272575, 20
1728541068.285074, 19
1728541068.299838, 19
1728541068.312842, 19
1728541068.324553, 19
1728541068.336178, 19
1728541068.348970, 20
1728541068.363190, 18
1728541068.375436, 20
1728541068.388482, 18
1728541068.400095, 19
1728541068.411929, 18
1728541068.423656, 18
1728541068.436789, 20
1728541068.449152, 16
1728541068.464638, 18
1728541068.477095, 19
1728541068.489115, 19
1728541068.501131, 14
1728541068.513303, 15
1728541068.528072, 17
1728541068.541042, 16
1728541068.552823, 18
1728541068.564795, 13
1728541068.577032, 12
1728541068.589815, 14
1728541068.602521, 12
1728541068.614252, 12
1728541068.626288, 12
1728541068.638278, 13
1728541068.651967, 12
1728541068.669787, 13
1728541068.683031, 12
1728541068.695192, 12
1728541068.707530, 13
1728541068.721132, 14
1728541068.735811, 14
1728541068.749329, 14
1728541068.761483, 14
1728541068.774017, 14
1728541068.786279, 15
1728541068.801389, 14
1728541068.814944, 14
1728541068.826834, 14
1728541068.838617, 15
1728541068.850489, 14
1728541068.864624, 15
1728541068.878059, 14
1728541068.891646, 15
1728541068.906550, 14
1728541068.920792, 14
1728541068.936389, 15
1728541068.949071, 15
1728541068.963078, 16
1728541068.975867, 14
1728541068.989170, 16
1728541069.002384, 15
1728541069.014236, 16
1728541069.026434, 14
1728541069.038982, 17
1728541069.051065, 17
1728541069.064693, 17
1728541069.082940, 16
1728541069.097929, 17
1728541069.109839, 17
1728541069.121605, 16
1728541069.133362, 16
1728541069.146856, 18
1728541069.159654, 16
1728541069.173820, 17
1728541069.188731, 17
1728541069.205327, 18
1728541069.220024, 17
1728541069.232034, 18
1728541069.244362, 16
1728541069.256385, 18
1728541069.269002, 19
1728541069.281342, 19
1728541069.297417, 18
1728541069.310310, 19
1728541069.322402, 19
1728541069.334347, 18
1728541069.347190, 18
1728541069.361287, 18
1728541069.376367, 19
1728541069.392744, 18
1728541069.407028, 18
1728541069.419208, 18
1728541069.431305, 18
1728541069.443363, 18
1728541069.457591, 19
1728541069.472084, 17
1728541069.486010, 16
1728541069.502908, 16
1728541069.515691, 9
1728541069.531680, 7
1728541069.545018, 6
1728541069.557136, 6
1728541069.569195, 6
1728541069.582729, 7
1728541069.595856, 7
1728541069.607952, 8
1728541069.619689, 7
1728541069.632611, 9
1728541069.644895, 8
1728541069.662941, 9
1728541069.675678, 8
1728541069.687705, 9
1728541069.699476, 9
1728541069.711951, 9
1728541069.723958, 8
1728541069.738608, 9
1728541069.750442, 10
1728541069.762404, 10
1728541069.774608, 10
1728541069.787546, 10
1728541069.803882, 10
1728541069.815861, 14
1728541069.827749, 12
1728541069.839737, 12
1728541069.853650, 10
1728541069.867018, 11
1728541069.882109, 12
1728541069.895353, 11
1728541069.907439, 12
1728541069.919436, 12
1728541069.931520, 11
1728541069.943488, 11
1728541069.955703, 13
1728541069.970898, 12
1728541069.984068, 12
1728541069.997130, 12
1728541070.009457, 13
1728541070.021316, 12
1728541070.033232, 12
1728541070.045391, 13
1728541070.058588, 12
1728541070.070311, 13
1728541070.082160, 13
1728541070.093837, 13
1728541070.105670, 13
1728541070.123339, 15
1728541070.137189, 14
1728541070.148887, 14
1728541070.164744, 14
1728541070.180639, 15
1728541070.196586, 15
1728541070.211979, 15
1728541070.223797, 14
1728541070.235597, 15
1728541070.247488, 15
1728541070.259662, 16
1728541070.272674, 15
1728541070.287254, 15
1728541070.298993, 16
1728541070.310833, 15
1728541070.322844, 15
1728541070.336472, 15
1728541070.352284, 15
1728541070.364028, 16
1728541070.375603, 15
1728541070.387222, 15
1728541070.401289, 17
1728541070.413421, 16
1728541070.427350, 16
1728541070.439088, 16
1728541070.450725, 15
1728541070.462376, 15
1728541070.474575, 17
1728541070.487937, 18
1728541070.499680, 17
1728541070.511532, 17
1728541070.523185, 17
1728541070.535343, 17
1728541070.547674, 18
1728541070.563226, 19
1728541070.575011, 18
1728541070.586892, 19
1728541070.598675, 19
1728541070.610429, 17
1728541070.624900, 19
1728541070.639549, 18
1728541070.654103, 19
1728541070.666039, 18
1728541070.677949, 19
1728541070.689593, 19
1728541070.702640, 19
1728541070.718044, 20
1728541070.729694, 19
1728541070.744956, 18
1728541070.758839, 18
1728541070.770545, 19
1728541070.782202, 17
1728541070.793983, 17
1728541070.807519, 15
1728541070.822191, 15
1728541070.837040, 11
1728541070.855221, 6
1728541070.874693, 6
1728541070.892336, 6
1728541070.908932, 7
1728541070.924508, 6
1728541070.937582, 7
1728541070.950665, 7
1728541070.963679, 7
1728541070.978736, 9
1728541070.994926, 9
1728541071.011116, 7
1728541071.023870, 9
1728541071.035988, 8
1728541071.048411, 9
1728541071.061770, 9
1728541071.076058, 9
1728541071.092427, 9
1728541071.109526, 9
1728541071.126627, 11
1728541071.143380, 10
1728541071.155732, 11
1728541071.167734, 11
1728541071.181426, 11
1728541071.193945, 9
1728541071.206870, 10
1728541071.221893, 11
1728541071.234095, 12
1728541071.246260, 11
1728541071.258219, 10
1728541071.272326, 11
1728541071.284626, 11
1728541071.299001, 12
1728541071.314820, 13
1728541071.327700, 12
1728541071.339992, 12
1728541071.352243, 12
1728541071.365527, 12
1728541071.377970, 13
1728541071.393107, 13
1728541071.407732, 13
1728541071.419684, 12
1728541071.432840, 14
1728541071.444750, 13
1728541071.458055, 13
1728541071.472653, 14
1728541071.489147, 13
1728541071.504220, 15
1728541071.516284, 14
1728541071.528249, 13
1728541071.540605, 14
1728541071.553975, 15
1728541071.574612, 13
1728541071.592687, 15
1728541071.604618, 15
1728541071.616498, 15
1728541071.630617, 16
1728541071.642996, 14
1728541071.659327, 16
1728541071.674700, 16
1728541071.689681, 15
1728541071.702749, 15
1728541071.714468, 16
1728541071.726159, 15
1728541071.738065, 18
1728541071.751397, 16
1728541071.763515, 17
1728541071.779082, 16
1728541071.793967, 16
1728541071.806319, 16
1728541071.818199, 17
1728541071.830248, 17
1728541071.843544, 18
1728541071.859580, 18
1728541071.873899, 17
1728541071.887775, 16
1728541071.902437, 17
1728541071.917674, 18
1728541071.931889, 18
1728541071.943732, 18
1728541071.955597, 19
1728541071.967353, 18
1728541071.979367, 18
1728541071.993994, 18
1728541072.009445, 17
1728541072.021418, 18
1728541072.033476, 18
1728541072.045270, 19
1728541072.057824, 19
1728541072.073146, 18
1728541072.084954, 18
1728541072.097128, 18
1728541072.108894, 20
1728541072.120626, 20
1728541072.132486, 19
1728541072.146092, 19
1728541072.159894, 18
1728541072.171575, 18
1728541072.183433, 19
1728541072.195162, 19
1728541072.207710, 20
1728541072.220345, 19
1728541072.236080, 18
1728541072.250400, 17
1728541072.262294, 17
1728541072.274426, 10
1728541072.286344, 6
1728541072.299839, 5
1728541072.311396, 2
1728541072.323803, 1
1728541072.337416, 1
1728541072.349508, 2
1728541072.363097, 1
1728541072.374934, 2
1728541072.389104, 3
1728541072.400867, 2
1728541072.414250, 2
1728541072.434757, 3
1728541072.447854, 3
1728541072.460330, 2
1728541072.474892, 2
1728541072.488658, 2
1728541072.502572, 3
1728541072.520905, 5
1728541072.532597, 3
1728541072.550598, 4
1728541072.563711, 3
1728541072.575709, 6
1728541072.587792, 5
1728541072.600419, 5
1728541072.615343, 5
1728541072.628961, 7
1728541072.642566, 5
1728541072.657131, 5
1728541072.669058, 6
1728541072.681709, 6
1728541072.694091, 8
1728541072.705733, 5
1728541072.717425, 6
1728541072.730484, 8
1728541072.744763, 8
1728541072.757714, 7
1728541072.774157, 8
1728541072.793893, 8
1728541072.809205, 8
1728541072.821916, 7
1728541072.834950, 7
1728541072.848807, 7
1728541072.861979, 10
1728541072.874965, 7
1728541072.888209, 9
1728541072.903011, 10
1728541072.916978, 10
1728541072.929379, 10
1728541072.941195, 10
1728541072.953037, 9
1728541072.964782, 11
1728541072.978653, 10
1728541072.994674, 10
1728541073.006671, 11
1728541073.019055, 12
1728541073.031570, 12
1728541073.043649, 12
1728541073.056159, 11
1728541073.071910, 12
1728541073.086896, 12
1728541073.102473, 13
1728541073.115044, 11
1728541073.127599, 12
1728541073.140048, 10
1728541073.152224, 11
1728541073.165371, 13
1728541073.177943, 11
1728541073.189786, 13
1728541073.201789, 12
1728541073.213600, 12
1728541073.226795, 13
1728541073.240932, 13
1728541073.255458, 13
1728541073.267143, 15
1728541073.291143, 14
1728541073.303028, 13
1728541073.314870, 13
1728541073.328640, 14
1728541073.342664, 14
1728541073.356777, 15
1728541073.370889, 15
1728541073.385899, 15
1728541073.402516, 15
1728541073.414568, 15
1728541073.426383, 14
1728541073.438105, 13
1728541073.449814, 15
1728541073.462028, 16
1728541073.477075, 17
1728541073.489084, 16
1728541073.500866, 15
1728541073.513559, 16
1728541073.527933, 15
1728541073.542171, 14
1728541073.557441, 18
1728541073.570476, 16
1728541073.583170, 17
1728541073.595138, 15
1728541073.612989, 16
1728541073.624708, 17
1728541073.640370, 18
1728541073.653018, 16
1728541073.664859, 14
1728541073.676558, 15
1728541073.690072, 17
1728541073.703930, 18
1728541073.715552, 17
1728541073.727278, 17
1728541073.739026, 16
1728541073.750638, 16
1728541073.763543, 18
1728541073.776405, 17
1728541073.788088, 18
1728541073.799736, 20
1728541073.811467, 19
1728541073.824608, 19
1728541073.836412, 18
1728541073.848147, 18
1728541073.860100, 17
1728541073.872589, 17
1728541073.885182, 19
1728541073.905454, 19
1728541073.917295, 19
1728541073.928968, 17
1728541073.940679, 20
1728541073.953456, 18
1728541073.967405, 18
1728541073.980909, 20
1728541073.994221, 18
1728541074.009446, 18
1728541074.024869, 17
1728541074.040537, 16
1728541074.052596, 16
1728541074.064250, 13
1728541074.076100, 11
1728541074.088922, 9
1728541074.102936, 8
1728541074.116765, 6
1728541074.130700, 7
1728541074.143099, 7
1728541074.156672, 6
1728541074.168542, 7
1728541074.180294, 8
1728541074.191920, 8
1728541074.204617, 7
1728541074.217701, 7
1728541074.231602, 8
1728541074.244350, 9
1728541074.256505, 9
1728541074.268439, 9
1728541074.280082, 8
1728541074.293243, 9
1728541074.310791, 9
1728541074.326725, 10
1728541074.338387, 10
1728541074.350071, 10
1728541074.361990, 10
1728541074.373669, 12
1728541074.386405, 10
1728541074.398019, 9
1728541074.409653, 10
1728541074.421480, 11
1728541074.433199, 10
1728541074.445844, 10
1728541074.459264, 11
1728541074.472879, 12
1728541074.486959, 11
1728541074.498734, 12
1728541074.510616, 11
1728541074.522665, 12
1728541074.535550, 13
1728541074.548143, 11
1728541074.559856, 12
1728541074.571729, 12
1728541074.583522, 13
1728541074.595415, 11
1728541074.610639, 13
1728541074.622557, 12
1728541074.634205, 12
1728541074.645843, 13
1728541074.659192, 13
1728541074.674793, 12
1728541074.688659, 14
1728541074.702673, 13
1728541074.720251, 14
1728541074.734252, 14
1728541074.748144, 15
1728541074.764800, 14
1728541074.778264, 15
1728541074.793088, 14
1728541074.811164, 15
1728541074.825018, 14
1728541074.836995, 14
1728541074.848796, 16
1728541074.862082, 16
1728541074.874620, 16
1728541074.889729, 15
1728541074.904481, 16
1728541074.916177, 16
1728541074.927958, 17
1728541074.939742, 16
1728541074.952641, 16
1728541074.966497, 18
1728541074.980288, 17
1728541074.994703, 16
1728541075.011014, 17
1728541075.025615, 16
1728541075.040278, 17
1728541075.052132, 17
1728541075.067207, 15
1728541075.079180, 18
1728541075.090949, 17
1728541075.102731, 19
1728541075.114718, 16
1728541075.128651, 18
1728541075.143545, 18
1728541075.159226, 17
1728541075.170879, 18
1728541075.182625, 17
1728541075.194256, 19
1728541075.206621, 18
1728541075.222907, 19
1728541075.235323, 18
1728541075.247882, 19
1728541075.259666, 19
1728541075.280633, 19
1728541075.293872, 18
1728541075.305686, 19
1728541075.318950, 18
1728541075.331053, 19
1728541075.343265, 20
1728541075.356025, 19
1728541075.372820, 18
1728541075.387509, 19
1728541075.403132, 18
1728541075.420644, 20
1728541075.436086, 17
1728541075.450731, 16
1728541075.466572, 16
1728541075.482465, 16
1728541075.497303, 11
1728541075.511206, 10
1728541075.523232, 11
1728541075.535772, 8
1728541075.547542, 5
1728541075.561496, 7
1728541075.575464, 7
1728541075.587126, 7
1728541075.598843, 8
1728541075.610611, 8
1728541075.622493, 7
1728541075.635266, 9
1728541075.648139, 8
1728541075.660969, 9
1728541075.672847, 8
1728541075.684538, 9
1728541075.696749, 8
1728541075.710506, 9
1728541075.724321, 9
1728541075.738217, 10
1728541075.750947, 9
1728541075.764884, 9
1728541075.780342, 9
1728541075.792091, 11
1728541075.803958, 11
1728541075.816293, 12
1728541075.829949, 11
1728541075.846181, 11
1728541075.859262, 11
1728541075.871084, 11
1728541075.882894, 9
1728541075.895152, 11
1728541075.908152, 12
1728541075.921563, 11
1728541075.935480, 11
1728541075.947144, 11
1728541075.958733, 13
1728541075.970440, 13
1728541075.983442, 12
1728541075.995666, 11
1728541076.007398, 12
1728541076.019145, 13
1728541076.030864, 14
1728541076.044251, 11
1728541076.056673, 14
1728541076.071579, 13
1728541076.086844, 14
1728541076.098608, 13
1728541076.110342, 13
1728541076.123203, 14
1728541076.137273, 14
1728541076.150295, 13
1728541076.163378, 14
1728541076.179126, 15
1728541076.194875, 14
1728541076.210671, 14
1728541076.226318, 14
1728541076.241108, 14
1728541076.254786, 15
1728541076.266786, 15
1728541076.278566, 15
1728541076.290370, 17
1728541076.303474, 15
1728541076.315995, 15
1728541076.333510, 15
1728541076.351319, 16
1728541076.366636, 17
1728541076.385227, 17
1728541076.400479, 16
1728541076.412324, 16
1728541076.424009, 16
1728541076.435655, 16
1728541076.449361, 17
1728541076.462095, 16
1728541076.476138, 17
1728541076.490828, 17
1728541076.510292, 18
1728541076.524056, 17
1728541076.536197, 17
1728541076.551157, 17
1728541076.562818, 17
1728541076.574419, 18
1728541076.586740, 18
1728541076.598918, 18
1728541076.613252, 19
1728541076.627790, 19
1728541076.639756, 19
1728541076.651531, 18
1728541076.665040, 19
1728541076.677372, 18
1728541076.691616, 18
1728541076.703264, 18
1728541076.715261, 19
1728541076.727036, 19
1728541076.739542, 20
1728541076.753149, 19
1728541076.768227, 19
1728541076.779881, 19
1728541076.792573, 19
1728541076.804392, 19
1728541076.816506, 19
1728541076.830807, 19
1728541076.844594, 18
1728541076.856959, 17
1728541076.871355, 17
1728541076.888367, 14
1728541076.903413, 11
1728541076.915324, 11
1728541076.927246, 11
1728541076.939649, 7
1728541076.953646, 7
1728541076.967076, 6
1728541076.980650, 8
1728541076.995425, 7
1728541077.007099, 7
1728541077.018816, 7
1728541077.032392, 8
1728541077.045434, 8
1728541077.057248, 9
1728541077.071004, 8
1728541077.083907, 9
1728541077.099416, 9
1728541077.111276, 10
1728541077.123028, 9
1728541077.134889, 8
1728541077.150033, 10
1728541077.164388, 9
1728541077.177010, 10
1728541077.191499, 9
1728541077.204173, 10
1728541077.215848, 11
1728541077.227652, 10
1728541077.240031, 10
1728541077.254356, 10
1728541077.268273, 11
1728541077.280643, 11
1728541077.294184, 11
1728541077.305822, 11
1728541077.317615, 11
1728541077.329376, 10
1728541077.343334, 12
1728541077.357141, 12
1728541077.371051, 12
1728541077.386272, 12
1728541077.399100, 12
1728541077.412611, 12
1728541077.424397, 13
1728541077.436312, 14
1728541077.448121, 13
1728541077.460613, 13
1728541077.473530, 12
1728541077.489009, 13
1728541077.501466, 13
1728541077.513179, 14
1728541077.524876, 14
1728541077.537514, 14
1728541077.553662, 16
1728541077.566466, 13
1728541077.580163, 14
1728541077.591951, 14
1728541077.603613, 14
1728541077.615242, 14
1728541077.627369, 13
1728541077.646353, 15
1728541077.660295, 16
1728541077.674491, 15
1728541077.686886, 14
1728541077.704940, 16
1728541077.718899, 16
1728541077.733854, 15
1728541077.745576, 15
1728541077.759282, 15
1728541077.774549, 17
1728541077.789501, 16
1728541077.801201, 16
1728541077.812850, 15
1728541077.825373, 16
1728541077.838141, 16
1728541077.849864, 17
1728541077.861636, 17
1728541077.874267, 16
1728541077.888364, 16
1728541077.902275, 18
1728541077.914947, 17
1728541077.932512, 19
1728541077.944651, 18
1728541077.956364, 18
1728541077.968517, 18
1728541077.980153, 17
1728541077.992335, 18
1728541078.006716, 17
1728541078.019480, 19
1728541078.032250, 18
1728541078.048025, 18
1728541078.064670, 19
1728541078.079041, 18
1728541078.091217, 18
1728541078.103160, 19
1728541078.115202, 18
1728541078.128062, 19
1728541078.142441, 19
1728541078.157846, 20
1728541078.173067, 20
1728541078.184740, 20
1728541078.196484, 18
1728541078.208303, 20
1728541078.221258, 18
1728541078.234637, 18
1728541078.247179, 19
1728541078.258785, 19
1728541078.270644, 19
1728541078.282253, 19
1728541078.294814, 19
1728541078.308330, 18
1728541078.323812, 17
1728541078.338186, 10
1728541078.352787, 7
1728541078.367909, 4
1728541078.384295, 2
1728541078.402739, 1
1728541078.415139, 3
1728541078.427178, 1
1728541078.438901, 3
1728541078.453107, 4
1728541078.466763, 2
1728541078.480179, 3
1728541078.491902, 2
1728541078.503635, 3
1728541078.515527, 2
1728541078.528214, 2
1728541078.542857, 3
1728541078.562552, 3
1728541078.578652, 3
1728541078.593534, 3
1728541078.605417, 4
1728541078.617315, 4
1728541078.629303, 4
1728541078.641933, 6
1728541078.656337, 5
1728541078.671020, 5
1728541078.683730, 6
1728541078.695595, 6
1728541078.709509, 7
1728541078.721438, 5
1728541078.733512, 7
1728541078.746452, 6
1728541078.760520, 7
1728541078.772209, 7
1728541078.783962, 6
1728541078.796650, 8
1728541078.812096, 8
1728541078.826421, 7
1728541078.840508, 10
1728541078.862425, 10
1728541078.874148, 8
1728541078.888991, 9
1728541078.905209, 8
1728541078.917446, 9
1728541078.929365, 9
1728541078.942629, 8
1728541078.956811, 9
1728541078.969001, 10
1728541078.980653, 10
1728541078.992258, 10
1728541079.003874, 11
1728541079.017145, 10
1728541079.028903, 11
1728541079.042919, 10
1728541079.059589, 10
1728541079.071320, 12
1728541079.083234, 12
1728541079.095264, 11
1728541079.108274, 11
1728541079.122186, 12
1728541079.138324, 11
1728541079.152587, 13
1728541079.164401, 12
1728541079.177997, 12
1728541079.193986, 13
1728541079.209728, 12
1728541079.221629, 13
1728541079.233591, 12
1728541079.245210, 12
1728541079.257543, 12
1728541079.271284, 13
1728541079.284423, 12
1728541079.297256, 14
1728541079.308946, 15
1728541079.320908, 15
1728541079.333456, 13
1728541079.346168, 14
1728541079.360385, 13
1728541079.372170, 14
1728541079.383883, 13
1728541079.395523, 14
1728541079.408236, 15
1728541079.422038, 15
1728541079.433892, 14
1728541079.447748, 14
1728541079.460397, 17
1728541079.472529, 17
1728541079.484425, 15
1728541079.496979, 16
1728541079.510861, 16
1728541079.525378, 15
1728541079.537709, 15
1728541079.552780, 15
1728541079.564496, 15
1728541079.576170, 16
1728541079.587878, 17
1728541079.599863, 17
1728541079.617521, 17
1728541079.632853, 17
1728541079.645033, 18
1728541079.657123, 17
1728541079.668851, 17
1728541079.682469, 17
1728541079.695312, 18
1728541079.708579, 17
1728541079.720245, 17
1728541079.732050, 19
1728541079.744080, 18
1728541079.756416, 18
1728541079.768214, 18
1728541079.783923, 18
1728541079.799565, 19
1728541079.815092, 18
1728541079.826730, 19
1728541079.838559, 18
1728541079.851086, 17
1728541079.864187, 18
1728541079.878320, 19
1728541079.890354, 19
1728541079.902562, 18
1728541079.914847, 18
1728541079.928374, 18
1728541079.944476, 19
1728541079.960810, 19
1728541079.974856, 20
1728541079.986783, 19
1728541079.998496, 18
1728541080.012284, 16
1728541080.027794, 18
1728541080.041178, 17
1728541080.055954, 11
1728541080.071078, 7
1728541080.084115, 6
1728541080.096284, 6
1728541080.108199, 7
1728541080.120858, 5
1728541080.132964, 7
1728541080.144654, 6
1728541080.156699, 7
1728541080.170666, 7
1728541080.183315, 7
1728541080.197492, 7
1728541080.209414, 9
1728541080.221378, 8
1728541080.233984, 9
1728541080.247806, 9
1728541080.260211, 8
1728541080.272155, 11
1728541080.284024, 8
1728541080.295742, 8
1728541080.308281, 9
1728541080.321854, 10
1728541080.335978, 9
1728541080.349199, 10
1728541080.361141, 10
1728541080.372850, 10
1728541080.385395, 11
1728541080.397289, 10
1728541080.411629, 11
1728541080.425735, 12
1728541080.437471, 11
1728541080.449621, 11
1728541080.461869, 11
1728541080.473714, 12
1728541080.489023, 12
1728541080.500879, 11
1728541080.512859, 11
1728541080.525837, 12
1728541080.537680, 14
1728541080.549412, 14
1728541080.561921, 12
1728541080.574919, 12
1728541080.587497, 13
1728541080.599125, 13
1728541080.610791, 14
1728541080.623078, 13
1728541080.635491, 14
1728541080.650474, 13
1728541080.662173, 13
1728541080.674055, 14
1728541080.686383, 13
1728541080.699610, 15
1728541080.714623, 15
1728541080.728549, 14
1728541080.740257, 14
1728541080.751990, 15
1728541080.763794, 14
1728541080.775931, 15
1728541080.790018, 13
1728541080.806401, 16
1728541080.821257, 15
1728541080.833021, 16
1728541080.844807, 15
1728541080.856522, 16
1728541080.868490, 15
1728541080.882852, 16
1728541080.894498, 15
1728541080.906248, 14
1728541080.917926, 17
1728541080.929799, 16
1728541080.944264, 17
1728541080.964356, 17
1728541080.979312, 17
1728541080.991161, 18
1728541081.002794, 17
1728541081.014386, 18
1728541081.027322, 17
1728541081.041277, 18
1728541081.054189, 17
1728541081.070336, 17
1728541081.084263, 17
1728541081.099050, 18
1728541081.111273, 17
1728541081.124249, 18
1728541081.135893, 18
1728541081.148614, 18
1728541081.160370, 19
1728541081.172087, 20
1728541081.183897, 19
1728541081.195732, 19
1728541081.209977, 20
1728541081.223857, 19
1728541081.238544, 17
1728541081.252452, 19
1728541081.266513, 19
1728541081.280617, 20
1728541081.292965, 18
1728541081.305880, 18
1728541081.317513, 20
1728541081.329398, 19
1728541081.341195, 20
1728541081.353164, 20
1728541081.366677, 18
1728541081.381524, 18
1728541081.396447, 15
1728541081.412609, 10
1728541081.425629, 7
1728541081.437271, 7
1728541081.450901, 6
1728541081.465575, 7
1728541081.478794, 9
1728541081.495395, 9
1728541081.507276, 8
1728541081.520038, 7
1728541081.532522, 8
1728541081.544232, 8
1728541081.555838, 9
1728541081.567594, 8
1728541081.579915, 9
1728541081.594282, 8
1728541081.609766, 10
1728541081.623799, 10
1728541081.635411, 10
1728541081.647055, 9
1728541081.658744, 10
1728541081.671904, 11
1728541081.684038, 11
1728541081.699903, 11
1728541081.718559, 11
1728541081.732396, 11
1728541081.746566, 10
1728541081.760795, 11
1728541081.773203, 11
1728541081.785183, 13
1728541081.797000, 11
1728541081.808809, 12
1728541081.821019, 10
1728541081.834550, 12
1728541081.849992, 12
1728541081.863308, 12
1728541081.875086, 12
1728541081.886955, 12
1728541081.898540, 13
1728541081.912488, 13
1728541081.931833, 13
1728541081.944662, 16
1728541081.956419, 14
1728541081.969043, 13
1728541081.983431, 13
1728541081.995337, 13
1728541082.007139, 14
1728541082.018733, 14
1728541082.031268, 14
1728541082.043958, 15
1728541082.056496, 16
1728541082.071973, 16
1728541082.087578, 16
1728541082.103653, 15
1728541082.118822, 15
1728541082.132816, 15
1728541082.144621, 15
1728541082.156439, 14
1728541082.168743, 16
1728541082.180776, 16
1728541082.192439, 17
1728541082.204202, 15
1728541082.215940, 14
1728541082.234117, 17
1728541082.245928, 17
1728541082.258033, 16
1728541082.269947, 17
1728541082.281789, 16
1728541082.293529, 16
1728541082.307248, 17
1728541082.321042, 17
1728541082.334835, 15
1728541082.346566, 16
1728541082.358336, 17
1728541082.370156, 17
1728541082.383012, 18
1728541082.396889, 18
1728541082.411118, 19
1728541082.424931, 19
1728541082.439133, 19
1728541082.453012, 17
1728541082.465249, 17
1728541082.479162, 17
1728541082.497832, 17
1728541082.509789, 19
1728541082.522769, 20
1728541082.534436, 19
1728541082.547176, 18
1728541082.560198, 19
1728541082.577268, 20
1728541082.590458, 19
1728541082.602613, 18
1728541082.614393, 18
1728541082.626133, 16
1728541082.637838, 17
1728541082.649687, 17
1728541082.663433, 18
1728541082.677306, 18
1728541082.689186, 16
1728541082.700977, 11
1728541082.712789, 7
1728541082.729389, 8
1728541082.747262, 8
1728541082.761172, 7
1728541082.773745, 6
1728541082.786365, 8
1728541082.801382, 7
1728541082.814894, 8
1728541082.826645, 8
1728541082.838377, 8
1728541082.850549, 8
1728541082.866965, 8
1728541082.879273, 9
1728541082.894855, 8
1728541082.910611, 9
1728541082.930254, 9
1728541082.941904, 10
1728541082.957671, 10
1728541082.969398, 8
1728541082.981290, 7
1728541082.994707, 12
1728541083.008534, 11
1728541083.024158, 12
1728541083.036228, 12
1728541083.048213, 10
1728541083.062518, 10
1728541083.076451, 9
1728541083.088562, 11
1728541083.102290, 10
1728541083.119893, 12
1728541083.136736, 11
1728541083.151287, 12
1728541083.165925, 13
1728541083.177780, 13
1728541083.189564, 13
1728541083.202579, 12
1728541083.214364, 12
1728541083.228698, 12
1728541083.242489, 12
1728541083.254729, 13
1728541083.266540, 12
1728541083.278305, 14
1728541083.292387, 14
1728541083.306255, 12
1728541083.320574, 15
1728541083.336433, 15
1728541083.349011, 13
1728541083.361105, 14
1728541083.372875, 13
1728541083.385464, 14
1728541083.397407, 15
1728541083.409968, 14
1728541083.421656, 14
1728541083.433287, 13
1728541083.444944, 15
1728541083.459031, 15
1728541083.473117, 16
1728541083.486882, 15
1728541083.503234, 18
1728541083.517184, 16
1728541083.530981, 16
1728541083.542876, 16
1728541083.560877, 16
1728541083.573170, 16
1728541083.584878, 16
1728541083.596676, 17
1728541083.618362, 17
1728541083.636839, 17
1728541083.652682, 17
1728541083.667195, 16
1728541083.680371, 17
1728541083.692206, 17
1728541083.703975, 18
1728541083.716389, 17
1728541083.730558, 17
1728541083.744488, 18
1728541083.758465, 18
1728541083.770862, 18
1728541083.783752, 19
1728541083.799137, 18
1728541083.810960, 18
1728541083.822682, 18
1728541083.834336, 17
1728541083.847148, 17
1728541083.860139, 17
1728541083.871781, 18
1728541083.883509, 18
1728541083.895227, 18
1728541083.908113, 18
1728541083.920473, 17
1728541083.934077, 16
1728541083.948090, 11
1728541083.959942, 9
1728541083.972250, 6
1728541083.984802, 5
1728541083.998183, 7
1728541084.010053, 7
1728541084.024176, 7
1728541084.041342, 6
1728541084.055729, 8
1728541084.067499, 8
1728541084.079520, 6
1728541084.091393, 8
1728541084.104081, 8
1728541084.118009, 8
1728541084.130596, 8
1728541084.144920, 7
1728541084.160277, 8
1728541084.171925, 9
1728541084.184119, 8
1728541084.196083, 8
1728541084.208079, 9
1728541084.221884, 10
1728541084.239425, 9
1728541084.255908, 10
1728541084.269993, 9
1728541084.286307, 12
1728541084.299101, 11
1728541084.310851, 11
1728541084.322650, 11
1728541084.334576, 11
1728541084.347815, 11
1728541084.363001, 11
1728541084.377071, 12
1728541084.388740, 12
1728541084.400587, 11
1728541084.412761, 12
1728541084.425434, 11
1728541084.439695, 12
1728541084.451315, 13
1728541084.463556, 13
1728541084.475217, 12
1728541084.487556, 13
1728541084.501701, 12
1728541084.516456, 12
1728541084.533352, 12
1728541084.546052, 14
1728541084.557943, 14
1728541084.569757, 14
1728541084.581872, 13
1728541084.596998, 14
1728541084.610422, 13
1728541084.622065, 14
1728541084.633741, 14
1728541084.645457, 15
1728541084.657767, 15
1728541084.672301, 14
1728541084.687198, 16
1728541084.701941, 14
1728541084.713672, 15
1728541084.725327, 15
1728541084.738409, 14
1728541084.750129, 13
1728541084.761909, 16
1728541084.776104, 15
1728541084.801287, 15
1728541084.816878, 16
1728541084.831063, 17
1728541084.842861, 17
1728541084.854663, 15
1728541084.866439, 17
1728541084.880134, 15
1728541084.892880, 16
1728541084.907702, 16
1728541084.920480, 17
1728541084.932131, 15
1728541084.943753, 15
1728541084.955569, 16
1728541084.969318, 17
1728541084.983540, 16
1728541084.996734, 18
1728541085.011264, 18
1728541085.023059, 18
1728541085.034794, 17
1728541085.047332, 18
1728541085.059928, 18
1728541085.076009, 18
1728541085.090612, 17
1728541085.102338, 19
1728541085.114192, 19
1728541085.125873, 18
1728541085.137455, 18
1728541085.152176, 19
1728541085.167716, 18
1728541085.181689, 18
1728541085.193409, 19
1728541085.205148, 16
1728541085.217140, 17
1728541085.228914, 17
1728541085.242685, 18
1728541085.257626, 17
1728541085.270310, 16
1728541085.282089, 10
1728541085.295681, 7
1728541085.308433, 6
1728541085.325289, 6
1728541085.340162, 7
1728541085.351815, 8
1728541085.363436, 8
1728541085.375287, 7
1728541085.387116, 8
1728541085.400439, 7
1728541085.416500, 9
1728541085.431395, 8
1728541085.444060, 7
1728541085.456614, 10
1728541085.468445, 10
1728541085.482126, 9
1728541085.493882, 10
1728541085.507085, 8
1728541085.518736, 9
1728541085.530432, 10
1728541085.542106, 8
1728541085.555895, 9
1728541085.570605, 8
1728541085.583513, 10
1728541085.596306, 11
1728541085.612065, 10
1728541085.629682, 11
1728541085.643243, 11
1728541085.656302, 10
1728541085.667950, 11
1728541085.679698, 10
1728541085.692158, 11
1728541085.706208, 11
1728541085.720051, 11
1728541085.733244, 10
1728541085.746158, 11
1728541085.761210, 13
1728541085.772862, 14
1728541085.784582, 12
1728541085.796184, 11
1728541085.808528, 13
1728541085.820611, 12
1728541085.833457, 12
1728541085.849517, 13
1728541085.861287, 13
1728541085.875837, 12
1728541085.888524, 14
1728541085.901260, 13
1728541085.912930, 13
1728541085.924584, 15
1728541085.938936, 14
1728541085.952591, 14
1728541085.966329, 13
1728541085.981531, 15
1728541085.994809, 14
1728541086.007939, 15
1728541086.021843, 15
1728541086.033647, 15
1728541086.045398, 15
1728541086.057311, 16
1728541086.070420, 17
1728541086.084346, 16
1728541086.098465, 15
1728541086.111010, 16
1728541086.123664, 15
1728541086.138246, 16
1728541086.151106, 16
1728541086.163690, 17
1728541086.175375, 15
1728541086.188144, 17
1728541086.202160, 16
1728541086.215156, 18
1728541086.230615, 17
1728541086.246150, 18
1728541086.260799, 15
1728541086.276816, 16
1728541086.289555, 17
1728541086.301316, 18
1728541086.313383, 18
1728541086.326175, 17
1728541086.340379, 17
1728541086.352133, 17
1728541086.363904, 17
1728541086.375602, 19
1728541086.389493, 20
1728541086.403268, 19
1728541086.417335, 19
1728541086.431166, 17
1728541086.445017, 17
1728541086.457696, 16
1728541086.471197, 16
1728541086.486283, 16
1728541086.501019, 16
1728541086.512661, 10
1728541086.524591, 7
1728541086.537040, 6
1728541086.550866, 7
1728541086.565787, 5
1728541086.577514, 6
1728541086.589442, 7
1728541086.601251, 7
1728541086.613043, 7
1728541086.626744, 8
1728541086.640630, 7
1728541086.652503, 8
1728541086.664580, 8
1728541086.676441, 9
1728541086.690742, 9
1728541086.703662, 7
1728541086.717269, 9
1728541086.729038, 9
1728541086.740796, 9
1728541086.752795, 9
1728541086.765516, 9
1728541086.779395, 8
1728541086.795159, 10
1728541086.807441, 9
1728541086.824952, 10
1728541086.841762, 11
1728541086.858463, 10
1728541086.873541, 10
1728541086.889521, 12
1728541086.905527, 11
1728541086.919637, 11
1728541086.931925, 10
1728541086.943742, 11
1728541086.955645, 10
1728541086.967444, 13
1728541086.979576, 12
1728541086.993526, 11
1728541087.009167, 12
1728541087.025242, 13
1728541087.041474, 12
1728541087.053218, 12
1728541087.064877, 12
1728541087.076932, 12
1728541087.089561, 13
1728541087.103144, 15
1728541087.120312, 15
1728541087.135857, 14
1728541087.151530, 14
1728541087.168647, 13
1728541087.183967, 13
1728541087.197139, 13
1728541087.208818, 13
1728541087.220665, 14
1728541087.232563, 14
1728541087.244286, 15
1728541087.258149, 16
1728541087.274616, 15
1728541087.290177, 15
1728541087.302184, 16
1728541087.314223, 15
1728541087.325898, 14
1728541087.340414, 16
1728541087.353199, 15
1728541087.370811, 16
1728541087.386950, 15
1728541087.399906, 16
1728541087.413381, 17
1728541087.425311, 18
1728541087.437172, 17
1728541087.453512, 16
1728541087.473253, 18
1728541087.487050, 17
1728541087.501003, 17
1728541087.514951, 16
1728541087.526915, 16
1728541087.540899, 17
1728541087.556216, 17
1728541087.567923, 17
1728541087.580357, 17
1728541087.592711, 19
1728541087.604706, 19
1728541087.618513, 19
1728541087.631588, 17
1728541087.644345, 17
1728541087.656079, 17
1728541087.668421, 18
1728541087.682962, 18
1728541087.695479, 19
1728541087.709826, 20
1728541087.726792, 19
1728541087.739155, 19
1728541087.755092, 19
1728541087.769727, 19
1728541087.783505, 19
1728541087.795175, 20
1728541087.807007, 20
1728541087.819391, 20
1728541087.831703, 19
1728541087.845777, 19
1728541087.863812, 19
1728541087.882207, 18
1728541087.896872, 18
1728541087.912565, 20
1728541087.925433, 19
1728541087.937212, 19
1728541087.948972, 19
1728541087.961149, 17
1728541087.973661, 15
1728541087.987728, 12
1728541088.000543, 10
1728541088.012369, 10
1728541088.024228, 7
1728541088.036510, 6
1728541088.048853, 8
1728541088.066394, 8
1728541088.078497, 7
1728541088.090174, 9
1728541088.102014, 8
1728541088.114219, 9
1728541088.127001, 8
1728541088.138605, 7
1728541088.150315, 9
1728541088.162320, 10
1728541088.174803, 9
1728541088.186560, 9
1728541088.198275, 9
1728541088.211140, 9
1728541088.223343, 10
1728541088.237538, 11
1728541088.250495, 9
1728541088.262289, 8
1728541088.274168, 10
1728541088.285956, 10
1728541088.297604, 10
1728541088.309759, 9
1728541088.324169, 11
1728541088.339033, 10
1728541088.350652, 10
1728541088.363150, 10
1728541088.376745, 12
1728541088.393853, 13
1728541088.410732, 11
1728541088.424632, 11
1728541088.436488, 11
1728541088.448198, 12
1728541088.459913, 13
1728541088.472053, 12
1728541088.485397, 12
1728541088.497054, 12
1728541088.509024, 13
1728541088.520803, 13
1728541088.532630, 13
1728541088.545258, 12
1728541088.557144, 14
1728541088.569061, 13
1728541088.580792, 13
1728541088.593230, 14
1728541088.606486, 14
1728541088.618619, 13
1728541088.632155, 13
1728541088.643959, 15
1728541088.655910, 14
1728541088.667615, 15
1728541088.682259, 16
1728541088.698058, 15
1728541088.713929, 15
1728541088.727948, 14
1728541088.739733, 13
1728541088.751868, 15
1728541088.763642, 14
1728541088.775442, 16
1728541088.790182, 16
1728541088.804862, 15
1728541088.822463, 17
1728541088.836020, 17
1728541088.847965, 18
1728541088.859842, 16
1728541088.871553, 16
1728541088.886162, 17
1728541088.901376, 16
1728541088.915396, 16
1728541088.927203, 16
1728541088.939349, 16
1728541088.951077, 17
1728541088.963722, 18
1728541088.976284, 19
1728541088.990159, 18
1728541089.004055, 18
1728541089.015651, 19
1728541089.028223, 19
1728541089.039950, 17
1728541089.052579, 17
1728541089.066908, 18
1728541089.080047, 18
1728541089.095010, 18
1728541089.110981, 19
1728541089.126694, 18
1728541089.140577, 19
1728541089.152305, 19
1728541089.164127, 20
1728541089.177273, 19
1728541089.190064, 17
1728541089.205177, 17
1728541089.220906, 19
1728541089.232516, 18
1728541089.244353, 17
1728541089.256045, 17
1728541089.268799, 18
1728541089.280964, 13
1728541089.299884, 8
1728541089.312799, 7
1728541089.324882, 6
1728541089.338561, 5
1728541089.350158, 6
1728541089.362615, 8
1728541089.375086, 8
1728541089.388325, 8
1728541089.404786, 7
1728541089.420417, 7
1728541089.437326, 8
1728541089.449240, 10
1728541089.461289, 9
1728541089.473533, 8
1728541089.486693, 8
1728541089.500382, 8
1728541089.514109, 8
1728541089.526921, 9
1728541089.538808, 10
1728541089.551012, 9
1728541089.562760, 9
1728541089.575809, 10
1728541089.589007, 11
1728541089.600625, 11
1728541089.612250, 10
1728541089.624487, 10
1728541089.636273, 9
1728541089.652176, 10
1728541089.663863, 12
1728541089.675997, 11
1728541089.688124, 10
1728541089.701118, 13
1728541089.714020, 12
1728541089.727141, 13
1728541089.742148, 12
1728541089.755011, 12
1728541089.766948, 11
1728541089.778790, 11
1728541089.791008, 12
1728541089.803072, 13
1728541089.816374, 12
1728541089.828010, 11
1728541089.840235, 12
1728541089.852615, 12
1728541089.864887, 14
1728541089.886279, 15
1728541089.901611, 15
1728541089.913378, 14
1728541089.926049, 14
1728541089.939187, 14
1728541089.957096, 14
1728541089.970084, 14
1728541089.991111, 14
1728541090.003405, 14
1728541090.020324, 15
1728541090.036908, 16
1728541090.049159, 16
1728541090.063060, 16
1728541090.075926, 15
1728541090.091755, 17
1728541090.103512, 15
1728541090.120764, 15
1728541090.142273, 15
1728541090.158276, 16
1728541090.174348, 17
1728541090.189461, 16
1728541090.204053, 17
1728541090.215783, 18
1728541090.227803, 17
1728541090.239604, 16
1728541090.252404, 16
1728541090.264789, 17
1728541090.280369, 17
1728541090.296083, 17
1728541090.307730, 17
1728541090.319601, 16
1728541090.331250, 17
1728541090.343703, 18
1728541090.358165, 19
1728541090.369968, 18
1728541090.383738, 18
1728541090.398063, 18
1728541090.411083, 18
1728541090.423246, 18
1728541090.436825, 19
1728541090.450046, 18
1728541090.462194, 18
1728541090.477476, 18
1728541090.489542, 19
1728541090.501224, 18
1728541090.512927, 20
1728541090.526158, 20
1728541090.540069, 18
1728541090.553913, 19
1728541090.568722, 18
1728541090.581203, 18
1728541090.596068, 17
1728541090.613647, 18
1728541090.630146, 19
1728541090.642821, 16
1728541090.658370, 10
1728541090.679703, 6
1728541090.694312, 5
1728541090.708696, 6
1728541090.725196, 5
1728541090.740942, 8
1728541090.755862, 7
1728541090.768679, 7
1728541090.780428, 7
1728541090.792222, 8
1728541090.805903, 8
1728541090.818701, 9
1728541090.832361, 9
1728541090.847863, 8
1728541090.861199, 9
1728541090.873051, 9
1728541090.884956, 8
1728541090.898134, 8
1728541090.910031, 8
1728541090.921708, 9
1728541090.933568, 10
1728541090.945304, 9
1728541090.958431, 10
1728541090.970217, 12
1728541090.982535, 10
1728541090.994186, 11
1728541091.006541, 11
1728541091.020353, 10
1728541091.035241, 10
1728541091.052372, 10
1728541091.065620, 11
1728541091.079715, 11
1728541091.091569, 11
1728541091.103273, 12
1728541091.115086, 11
1728541091.129059, 14
1728541091.141809, 13
1728541091.153606, 12
1728541091.165531, 11
1728541091.177383, 11
1728541091.189983, 12
1728541091.206816, 12
1728541091.221330, 14
1728541091.234138, 13
1728541091.245866, 14
1728541091.259974, 14
1728541091.271629, 14
1728541091.283926, 14
1728541091.296278, 13
1728541091.311677, 15
1728541091.326440, 13
1728541091.338372, 13
1728541091.350181, 15
1728541091.361950, 15
1728541091.375135, 15
1728541091.389741, 14
1728541091.402426, 14
1728541091.417984, 17
1728541091.432319, 17
1728541091.445496, 15
1728541091.457681, 15
1728541091.470138, 15
1728541091.482660, 15
1728541091.494564, 15
1728541091.508565, 16
1728541091.520255, 16
1728541091.532130, 17
1728541091.543931, 17
1728541091.556525, 15
1728541091.570729, 18
1728541091.582429, 17
1728541091.597997, 18
1728541091.612279, 17
1728541091.624835, 18
1728541091.636533, 15
1728541091.648705, 17
1728541091.660742, 17
1728541091.676713, 17
1728541091.690898, 17
1728541091.705788, 18
1728541091.718599, 18
1728541091.732494, 17
1728541091.744325, 19
1728541091.756091, 20
1728541091.768550, 20
1728541091.781876, 18
1728541091.797189, 19
1728541091.809150, 19
1728541091.820912, 18
1728541091.832622, 18
1728541091.844620, 19
1728541091.857849, 18
1728541091.872999, 19
1728541091.889147, 20
1728541091.905103, 19
1728541091.916947, 19
1728541091.928855, 20
1728541091.940551, 19
1728541091.953990, 19
1728541091.973189, 18
1728541091.985470, 17
1728541092.000410, 17
1728541092.013275, 13
1728541092.025100, 9
1728541092.036895, 6
1728541092.048858, 7
1728541092.063473, 8
1728541092.075081, 6
1728541092.089414, 7
1728541092.101161, 8
1728541092.112871, 7
1728541092.125188, 7
1728541092.141349, 8
1728541092.153013, 8
1728541092.164734, 9
1728541092.176522, 9
1728541092.189590, 9
1728541092.201624, 11
1728541092.214473, 9
1728541092.228452, 8
1728541092.246737, 10
1728541092.258478, 10
1728541092.270259, 9
1728541092.282079, 10
1728541092.293803, 10
1728541092.307110, 11
1728541092.319207, 10
1728541092.333196, 11
1728541092.344911, 11
1728541092.356967, 12
1728541092.368708, 12
1728541092.381058, 12
1728541092.393420, 12
1728541092.408043, 11
1728541092.423692, 10
1728541092.435331, 12
1728541092.447207, 13
1728541092.459367, 11
1728541092.474796, 13
1728541092.491313, 14
1728541092.506323, 12
1728541092.521075, 13
1728541092.533879, 14
1728541092.545826, 15
1728541092.557713, 12
1728541092.569624, 12
1728541092.581437, 13
1728541092.597076, 14
1728541092.609979, 14
1728541092.623084, 14
1728541092.634840, 14
1728541092.646557, 16
1728541092.660873, 14
1728541092.673838, 14
1728541092.688193, 15
1728541092.699967, 14
1728541092.711945, 15
1728541092.724310, 13
1728541092.736907, 13
1728541092.751733, 15
1728541092.764573, 16
1728541092.776439, 14
1728541092.788078, 16
1728541092.800203, 16
1728541092.812524, 15
1728541092.827667, 16
1728541092.842203, 17
1728541092.854960, 17
1728541092.866689, 16
1728541092.879157, 17
1728541092.892776, 16
1728541092.909177, 17
1728541092.924972, 16
1728541092.944232, 17
1728541092.956331, 17
1728541092.968257, 18
1728541092.980134, 18
1728541092.993183, 18
1728541093.005873, 16
1728541093.023042, 18
1728541093.035898, 17
1728541093.048937, 18
1728541093.063351, 18
1728541093.075171, 18
1728541093.086922, 19
1728541093.101022, 18
1728541093.113730, 19
1728541093.126552, 20
1728541093.142365, 19
1728541093.157518, 19
1728541093.171036, 18
1728541093.182858, 20
1728541093.194571, 18
1728541093.206537, 20
1728541093.220859, 20
1728541093.232782, 17
1728541093.246975, 19
1728541093.261204, 19
1728541093.272822, 19
1728541093.284463, 19
1728541093.296135, 19
1728541093.308134, 18
1728541093.322281, 17
1728541093.336936, 18
1728541093.349607, 11
1728541093.364280, 12
1728541093.376261, 10
1728541093.388140, 9
1728541093.400222, 6
1728541093.413258, 5
1728541093.426866, 8
1728541093.441705, 7
1728541093.460260, 8
1728541093.472488, 7
1728541093.484405, 6
1728541093.497529, 8
1728541093.511270, 8
1728541093.523457, 8
1728541093.535411, 8
1728541093.547308, 9
1728541093.560627, 10
1728541093.572755, 10
1728541093.587191, 10
1728541093.599050, 9
1728541093.610980, 9
1728541093.622626, 9
1728541093.635704, 9
1728541093.649090, 11
1728541093.664624, 10
1728541093.679789, 11
1728541093.692798, 11
1728541093.704568, 12
1728541093.716332, 13
1728541093.728559, 11
1728541093.742810, 10
1728541093.756446, 9
1728541093.769192, 11
1728541093.781039, 12
1728541093.792809, 12
1728541093.804539, 12
1728541093.818064, 13
1728541093.833133, 13
1728541093.850093, 13
1728541093.861955, 14
1728541093.873920, 14
1728541093.886061, 13
1728541093.898188, 12
1728541093.910232, 13
1728541093.924399, 14
1728541093.938488, 13
1728541093.950191, 14
1728541093.962033, 14
1728541093.973737, 14
1728541093.987261, 12
1728541094.002022, 15
1728541094.017293, 14
1728541094.029224, 15
1728541094.041131, 14
1728541094.052950, 14
1728541094.065954, 15
1728541094.079802, 14
1728541094.094572, 14
1728541094.108387, 16
1728541094.121183, 15
1728541094.134544, 15
1728541094.149114, 17
1728541094.164354, 17
1728541094.179329, 16
1728541094.191005, 15
1728541094.202899, 15
1728541094.214638, 17
1728541094.226549, 16
1728541094.240946, 15
1728541094.253101, 17
1728541094.265478, 15
1728541094.277233, 17
1728541094.289845, 18
1728541094.303765, 16
1728541094.319673, 18
1728541094.331426, 18
1728541094.343314, 19
1728541094.355006, 16
1728541094.366630, 16
1728541094.379297, 17
1728541094.393060, 18
1728541094.406937, 18
1728541094.420823, 18
1728541094.433815, 18
1728541094.445590, 18
1728541094.458143, 18
1728541094.469932, 18
1728541094.481620, 20
1728541094.494849, 20
1728541094.506479, 19
1728541094.520199, 20
1728541094.533019, 17
1728541094.545078, 18
1728541094.557229, 18
1728541094.572650, 17
1728541094.584651, 16
1728541094.596617, 16
1728541094.608448, 17
1728541094.620366, 13
1728541094.633062, 7
1728541094.648189, 6
1728541094.659839, 9
1728541094.671663, 6
1728541094.684002, 6
1728541094.695801, 7
1728541094.709895, 7
1728541094.726792, 8
1728541094.738728, 7
1728541094.750591, 7
1728541094.762858, 7
1728541094.776849, 7
1728541094.791206, 9
1728541094.805295, 9
1728541094.817165, 8
1728541094.829247, 9
1728541094.843152, 9
1728541094.855544, 8
1728541094.869708, 9
1728541094.888775, 9
1728541094.901504, 8
1728541094.916574, 10
1728541094.928217, 11
1728541094.939964, 11
1728541094.952002, 10
1728541094.965034, 11
1728541094.978863, 10
1728541094.990759, 11
1728541095.004728, 11
1728541095.017496, 11
1728541095.029175, 10
1728541095.040819, 10
1728541095.053255, 10
1728541095.067878, 12
1728541095.080948, 12
1728541095.095745, 12
1728541095.107501, 11
1728541095.119137, 12
1728541095.131104, 13
1728541095.145661, 13
1728541095.157966, 11
1728541095.171603, 13
1728541095.183291, 13
1728541095.194911, 14
1728541095.208039, 13
1728541095.219914, 14
1728541095.234808, 15
1728541095.246975, 14
1728541095.258849, 14
1728541095.270739, 13
1728541095.285496, 15
1728541095.298626, 15
1728541095.310421, 15
1728541095.322338, 14
1728541095.334037, 14
1728541095.346653, 15
1728541095.362211, 15
1728541095.376607, 15
1728541095.388483, 15
1728541095.400261, 17
1728541095.411909, 16
1728541095.424560, 15
1728541095.437382, 15
1728541095.449076, 16
1728541095.460691, 16
1728541095.473453, 15
1728541095.486416, 16
1728541095.498347, 16
1728541095.512564, 16
1728541095.529730, 18
1728541095.541639, 17
1728541095.553514, 17
1728541095.566565, 17
1728541095.578393, 16
1728541095.592471, 16
1728541095.604251, 16
1728541095.615872, 17
1728541095.627596, 18
1728541095.639855, 18
1728541095.652586, 17
1728541095.664267, 17
1728541095.675995, 17
1728541095.687898, 19
1728541095.700851, 19
1728541095.713061, 19
1728541095.724689, 20
1728541095.736672, 16
1728541095.748381, 18
1728541095.761075, 19
1728541095.776830, 18
1728541095.789512, 19
1728541095.805221, 19
1728541095.820509, 18
1728541095.835052, 17
1728541095.847389, 19
1728541095.859987, 20
1728541095.871876, 19
1728541095.883747, 20
1728541095.897623, 18
1728541095.911483, 17
1728541095.926012, 16
1728541095.939966, 15
1728541095.955065, 16
1728541095.967138, 15
1728541095.979065, 9
1728541095.991307, 9
1728541096.004984, 6
1728541096.018826, 6
1728541096.030599, 8
1728541096.042465, 7
1728541096.054589, 6
1728541096.068501, 7
1728541096.082393, 6
1728541096.097456, 7
1728541096.111365, 8
1728541096.125140, 7
1728541096.138977, 7
1728541096.153012, 10
1728541096.166822, 10
1728541096.180692, 9
1728541096.192336, 8
1728541096.204028, 8
1728541096.215684, 9
1728541096.227314, 10
1728541096.239886, 9
1728541096.253210, 10
1728541096.270342, 10
1728541096.282178, 11
1728541096.297738, 11
1728541096.310006, 9
1728541096.322468, 11
1728541096.335039, 11
1728541096.352470, 10
1728541096.364594, 10
1728541096.376315, 12
1728541096.387944, 11
1728541096.401400, 11
1728541096.414236, 10
1728541096.431441, 12
1728541096.445237, 12
1728541096.458706, 12
1728541096.470394, 12
1728541096.482251, 12
1728541096.494232, 13
1728541096.506325, 13
1728541096.518168, 12
1728541096.532505, 13
1728541096.549018, 13
1728541096.563823, 13
1728541096.576561, 13
1728541096.588402, 12
1728541096.601305, 15
1728541096.614013, 15
1728541096.628387, 13
1728541096.643084, 13
1728541096.658484, 15
1728541096.673311, 14
1728541096.688448, 13
1728541096.700241, 14
1728541096.712035, 15
1728541096.723824, 15
1728541096.735573, 14
1728541096.751669, 16
1728541096.766387, 17
1728541096.779881, 16
1728541096.792868, 15
1728541096.804649, 14
1728541096.816450, 15
1728541096.828502, 15
1728541096.844631, 15
1728541096.860363, 16
1728541096.876364, 17
1728541096.891330, 17
1728541096.904209, 17
1728541096.915898, 18
1728541096.927990, 18
1728541096.939714, 17
1728541096.953012, 16
1728541096.968339, 17
1728541096.980912, 17
1728541096.994266, 18
1728541097.007889, 18
1728541097.019851, 18
1728541097.031487, 17
1728541097.043449, 18
1728541097.055692, 18
1728541097.067964, 19
1728541097.079752, 18
1728541097.092722, 20
1728541097.105471, 18
1728541097.121857, 18
1728541097.135529, 18
1728541097.148252, 18
1728541097.160151, 19
1728541097.171929, 19
1728541097.184192, 18
1728541097.197832, 18
1728541097.213146, 20
1728541097.225077, 19
1728541097.236822, 19
1728541097.248517, 19
1728541097.260354, 19
1728541097.273948, 18
1728541097.287331, 17
1728541097.299078, 15
1728541097.310730, 15
1728541097.323313, 16
1728541097.338245, 16
1728541097.352428, 11
1728541097.368292, 10
1728541097.380279, 7
1728541097.392205, 6
1728541097.404096, 8
1728541097.415856, 7
1728541097.429481, 7
1728541097.443392, 8
1728541097.457788, 8
1728541097.471917, 9
1728541097.486087, 8
1728541097.500047, 8
1728541097.515733, 9
1728541097.529120, 9
1728541097.545360, 9
1728541097.557559, 9
1728541097.569253, 9
1728541097.581095, 11
1728541097.593000, 9
1728541097.605618, 9
1728541097.620808, 10
1728541097.634705, 11
1728541097.647250, 10
1728541097.660107, 10
1728541097.671749, 11
1728541097.683571, 10
1728541097.695241, 11
1728541097.708850, 11
1728541097.722753, 12
1728541097.734480, 10
1728541097.749248, 11
1728541097.760945, 12
1728541097.772702, 12
1728541097.785067, 10
1728541097.798468, 12
1728541097.812275, 14
1728541097.825290, 14
1728541097.837710, 13
1728541097.852113, 12
1728541097.867985, 12
1728541097.879671, 12
1728541097.891292, 12
1728541097.903287, 13
1728541097.917014, 14
1728541097.928739, 13
1728541097.944261, 13
1728541097.959832, 14
1728541097.974812, 13
1728541097.986558, 14
1728541097.998974, 14
1728541098.011178, 15
1728541098.022926, 14
1728541098.036559, 15
1728541098.048855, 15
1728541098.060623, 15
1728541098.072280, 13
1728541098.083893, 15
1728541098.096551, 14
1728541098.111136, 16
1728541098.127886, 15
1728541098.140161, 16
1728541098.152035, 17
1728541098.163887, 17
1728541098.175984, 15
1728541098.188954, 16
1728541098.202213, 15
1728541098.216095, 15
1728541098.227914, 16
1728541098.240652, 16
1728541098.252367, 17
1728541098.265743, 17
1728541098.278073, 16
1728541098.293685, 16
1728541098.306010, 18
1728541098.317812, 17
1728541098.329734, 18
1728541098.341821, 18
1728541098.355798, 18
1728541098.368849, 18
1728541098.380810, 17
1728541098.392603, 17
1728541098.404891, 17
1728541098.418725, 18
1728541098.430384, 18
1728541098.445303, 19
1728541098.457974, 19
1728541098.469613, 19
1728541098.481688, 19
1728541098.494187, 20
1728541098.507135, 17
1728541098.521853, 20
1728541098.534609, 18
1728541098.546532, 19
1728541098.558407, 19
1728541098.571404, 18
1728541098.584016, 20
1728541098.597788, 20
1728541098.609581, 20
1728541098.621321, 18
1728541098.633046, 18
1728541098.645429, 18
1728541098.658274, 19
1728541098.669906, 17
1728541098.681790, 17
1728541098.693922, 15
1728541098.706033, 17
1728541098.717668, 17
1728541098.734953, 15
1728541098.750267, 13
1728541098.761870, 10
1728541098.773603, 6
1728541098.786400, 9
1728541098.800994, 8
1728541098.813857, 6
1728541098.828604, 7
1728541098.845128, 8
1728541098.857496, 8
1728541098.869637, 8
1728541098.881576, 8
1728541098.895420, 9
1728541098.909566, 9
1728541098.924450, 8
1728541098.936088, 11
1728541098.951479, 9
1728541098.963197, 9
1728541098.974925, 9
1728541098.986856, 9
1728541098.999630, 11
1728541099.012330, 9
1728541099.025624, 10
1728541099.040732, 10
1728541099.052415, 10
1728541099.064467, 11
1728541099.078605, 12
1728541099.092388, 12
1728541099.105980, 10
1728541099.119096, 12
1728541099.130838, 12
1728541099.142671, 13
1728541099.154465, 11
1728541099.167573, 12
1728541099.180949, 12
1728541099.194449, 13
1728541099.211115, 13
1728541099.227884, 13
1728541099.243669, 12
1728541099.258538, 12
1728541099.270224, 12
1728541099.282110, 13
1728541099.294138, 13
1728541099.306463, 13
1728541099.319980, 12
1728541099.336928, 14
1728541099.350716, 14
1728541099.362394, 15
1728541099.377054, 13
1728541099.392563, 14
1728541099.404455, 14
1728541099.416455, 13
1728541099.428165, 14
1728541099.441173, 14
1728541099.455918, 14
1728541099.470811, 15
1728541099.485159, 15
1728541099.499008, 15
1728541099.510657, 16
1728541099.526885, 16
1728541099.538611, 17
1728541099.550268, 14
1728541099.561838, 14
1728541099.575433, 16
1728541099.588050, 15
1728541099.601346, 16
1728541099.616450, 16
1728541099.628106, 17
1728541099.639846, 17
1728541099.651474, 16
1728541099.663228, 17
1728541099.680566, 18
1728541099.695107, 17
1728541099.706851, 18
1728541099.718552, 17
1728541099.730282, 17
1728541099.743204, 17
1728541099.756953, 17
1728541099.770756, 17
1728541099.784953, 17
1728541099.797177, 18
1728541099.811505, 19
1728541099.825846, 18
1728541099.838625, 18
1728541099.851545, 18
1728541099.863252, 17
1728541099.875039, 19
1728541099.888111, 18
1728541099.901989, 18
1728541099.914098, 17
1728541099.925976, 18
1728541099.937686, 19
1728541099.952060, 18
1728541099.965765, 19
1728541099.979593, 18
1728541099.991391, 11
1728541100.008090, 8
1728541100.021578, 6
1728541100.033400, 7
1728541100.045445, 7
1728541100.057120, 7
1728541100.069077, 7
1728541100.082710, 6
1728541100.094393, 6
1728541100.106729, 7
1728541100.118513, 7
1728541100.130947, 8
1728541100.145646, 8
1728541100.161654, 8
1728541100.173337, 9
1728541100.185309, 9
1728541100.197163, 7
1728541100.209819, 9
1728541100.222423, 10
1728541100.236238, 9
1728541100.249225, 9
1728541100.261029, 8
1728541100.273627, 9
1728541100.285995, 11
1728541100.301942, 9
1728541100.313598, 10
1728541100.325242, 10
1728541100.337043, 12
1728541100.350258, 10
1728541100.363720, 10
1728541100.377448, 11
1728541100.392846, 11
1728541100.407072, 12
1728541100.421396, 10
1728541100.434760, 12
1728541100.447371, 12
1728541100.461279, 13
1728541100.472915, 13
1728541100.484534, 11
1728541100.496150, 11
1728541100.509404, 13
1728541100.521601, 13
1728541100.534426, 12
1728541100.549217, 13
1728541100.562073, 13
1728541100.576105, 14
1728541100.587736, 14
1728541100.599520, 14
1728541100.612993, 13
1728541100.626335, 14
1728541100.641291, 15
1728541100.657146, 15
1728541100.671084, 15
1728541100.683244, 15
1728541100.695218, 14
1728541100.707857, 13
1728541100.721143, 15
1728541100.736802, 15
1728541100.748561, 16
1728541100.760888, 14
1728541100.772556, 15
1728541100.784433, 16
1728541100.798109, 16
1728541100.810307, 14
1728541100.824027, 15
1728541100.835731, 16
1728541100.847502, 15
1728541100.859155, 17
1728541100.871494, 16
1728541100.887583, 17
1728541100.899319, 18
1728541100.911082, 18
1728541100.923124, 18
1728541100.936723, 16
1728541100.948845, 16
1728541100.961392, 15
1728541100.973169, 17
1728541100.984814, 16
1728541100.996652, 18
1728541101.009980, 18
1728541101.023957, 18
1728541101.036541, 17
1728541101.051046, 18
1728541101.063684, 18
1728541101.075449, 18
1728541101.087203, 19
1728541101.099269, 19
1728541101.113042, 18
1728541101.131420, 18
1728541101.143573, 18
1728541101.158834, 19
1728541101.172977, 18
1728541101.184738, 18
1728541101.196407, 18
1728541101.207964, 19
1728541101.220429, 20
1728541101.234193, 19
1728541101.248531, 20
1728541101.260186, 18
1728541101.271895, 18
1728541101.283529, 19
1728541101.295327, 18
1728541101.309936, 18
1728541101.324190, 18
1728541101.336539, 16
1728541101.348441, 11
1728541101.360208, 7
1728541101.374736, 6
1728541101.387586, 7
1728541101.401439, 7
1728541101.416178, 8
1728541101.430099, 7
1728541101.442094, 7
1728541101.454551, 8
1728541101.468013, 9
1728541101.480560, 8
1728541101.496047, 9
1728541101.511498, 11
1728541101.527009, 10
1728541101.538616, 10
1728541101.550284, 7
1728541101.561929, 8
1728541101.573892, 10
1728541101.586801, 10
1728541101.602132, 10
1728541101.619595, 9
1728541101.634435, 11
1728541101.646847, 10
1728541101.658585, 11
1728541101.670235, 12
1728541101.682624, 10
1728541101.696145, 11
1728541101.711924, 11
1728541101.723834, 10
1728541101.735609, 10
1728541101.747367, 12
1728541101.761040, 12
1728541101.774877, 11
1728541101.786905, 11
1728541101.801833, 14
1728541101.813512, 14
1728541101.825394, 14
1728541101.837156, 12
1728541101.849921, 14
1728541101.864001, 12
1728541101.875714, 13
1728541101.891922, 12
1728541101.909021, 14
1728541101.920728, 13
1728541101.932514, 14
1728541101.945974, 14
1728541101.957990, 14
1728541101.975629, 16
1728541101.987887, 15
1728541101.999780, 15
1728541102.011722, 15
1728541102.023629, 14
1728541102.037583, 14
1728541102.050463, 14
1728541102.062112, 13
1728541102.073877, 13
1728541102.085651, 16
1728541102.100833, 15
1728541102.113844, 16
1728541102.127843, 17
1728541102.140578, 17
1728541102.159377, 17
1728541102.171405, 15
1728541102.185354, 16
1728541102.201076, 16
1728541102.215537, 17
1728541102.228336, 16
1728541102.239971, 16
1728541102.251606, 15
1728541102.264564, 17
1728541102.281204, 17
1728541102.293567, 18
1728541102.310240, 18
1728541102.325522, 17
1728541102.339729, 17
1728541102.351572, 19
1728541102.363178, 17
1728541102.374788, 17
1728541102.387959, 17
1728541102.400864, 18
1728541102.417165, 18
1728541102.431291, 20
1728541102.443284, 20
1728541102.456804, 19
1728541102.469560, 20
1728541102.481387, 18
1728541102.495907, 19
1728541102.507818, 18
1728541102.519668, 19
1728541102.531399, 19
1728541102.543699, 19
1728541102.556568, 19
1728541102.570966, 19
1728541102.583822, 19
1728541102.595741, 20
1728541102.607541, 20
1728541102.620625, 20
1728541102.635073, 18
1728541102.646954, 17
1728541102.658801, 17
1728541102.670562, 17
1728541102.682957, 17
1728541102.695810, 18
1728541102.711130, 9
1728541102.725220, 11
1728541102.738955, 8
1728541102.751084, 6
1728541102.764208, 7
1728541102.775962, 7
1728541102.787755, 8
1728541102.800281, 7
1728541102.811945, 8
1728541102.823582, 8
1728541102.835507, 8
1728541102.848909, 9
1728541102.860674, 7
1728541102.875790, 9
1728541102.891595, 9
1728541102.905072, 10
1728541102.917312, 9
1728541102.929094, 9
1728541102.940959, 10
1728541102.953044, 9
1728541102.968612, 9
1728541102.980408, 11
1728541102.992301, 10
1728541103.004030, 10
1728541103.017330, 11
1728541103.031198, 12
1728541103.042912, 11
1728541103.058834, 10
1728541103.074725, 11
1728541103.092152, 12
1728541103.105422, 11
1728541103.117046, 10
1728541103.130450, 11
1728541103.142434, 10
1728541103.154197, 12
1728541103.167499, 13
1728541103.179955, 13
1728541103.194039, 13
1728541103.208922, 14
1728541103.222285, 12
1728541103.234019, 12
1728541103.245747, 11
1728541103.258111, 13
1728541103.270038, 13
1728541103.283096, 14
1728541103.294873, 13
1728541103.306601, 13
1728541103.319030, 14
1728541103.331017, 15
1728541103.343690, 14
1728541103.355715, 15
1728541103.368737, 15
1728541103.380708, 15
1728541103.393126, 15
1728541103.406554, 15
1728541103.424256, 15
1728541103.436380, 15
1728541103.448251, 16
1728541103.460255, 16
1728541103.472403, 15
1728541103.487506, 17
1728541103.502248, 16
1728541103.518658, 16
1728541103.533827, 15
1728541103.545458, 16
1728541103.557185, 16
1728541103.569039, 16
1728541103.582170, 16
1728541103.594614, 17
1728541103.608926, 16
1728541103.622460, 17
1728541103.635010, 16
1728541103.646924, 17
1728541103.658841, 18
1728541103.671163, 18
1728541103.688031, 17
1728541103.704012, 18
1728541103.715706, 18
1728541103.727454, 16
1728541103.739011, 17
1728541103.751675, 17
1728541103.764213, 17
1728541103.777565, 17
1728541103.792730, 18
1728541103.810683, 19
1728541103.826223, 19
1728541103.837969, 18
1728541103.849796, 16
1728541103.861465, 16
1728541103.874041, 17
1728541103.889238, 18
1728541103.902210, 17
1728541103.915900, 16
1728541103.931624, 13
1728541103.945291, 7
1728541103.957592, 8
1728541103.969616, 7
1728541103.981707, 6
1728541103.995568, 7
1728541104.007638, 7
1728541104.019401, 7
1728541104.031046, 7
1728541104.042837, 6
1728541104.056823, 8
1728541104.068552, 7
1728541104.080236, 7
1728541104.091857, 7
1728541104.106210, 8
1728541104.120173, 9
1728541104.134022, 9
1728541104.148035, 7
1728541104.160064, 9
1728541104.174036, 9
1728541104.189041, 10
1728541104.200937, 9
1728541104.212728, 9
1728541104.224560, 10
1728541104.237477, 12
1728541104.251226, 12
1728541104.264090, 11
1728541104.279014, 10
1728541104.294580, 10
1728541104.306200, 10
1728541104.317891, 11
1728541104.329823, 12
1728541104.342109, 11
1728541104.355644, 11
1728541104.370458, 12
1728541104.384529, 12
1728541104.396763, 13
1728541104.408704, 14
1728541104.420712, 14
1728541104.434621, 12
1728541104.448699, 12
1728541104.462527, 13
1728541104.475354, 12
1728541104.488806, 12
1728541104.507430, 12
1728541104.520113, 15
1728541104.532127, 13
1728541104.545034, 14
1728541104.558777, 14
1728541104.570893, 14
1728541104.582734, 13
1728541104.594590, 14
1728541104.606330, 14
1728541104.620174, 14
1728541104.633998, 15
1728541104.647832, 14
1728541104.662246, 14
1728541104.678589, 14
1728541104.691954, 15
1728541104.705062, 15
1728541104.717259, 15
1728541104.729120, 16
1728541104.742199, 15
1728541104.755534, 15
1728541104.769592, 15
1728541104.782538, 15
1728541104.794198, 15
1728541104.806037, 16
1728541104.818301, 16
1728541104.834794, 16
1728541104.850994, 17
1728541104.862616, 17
1728541104.877116, 17
1728541104.888851, 17
1728541104.900521, 18
1728541104.912148, 16
1728541104.925051, 17
1728541104.937061, 18
1728541104.950953, 17
1728541104.965284, 18
1728541104.977049, 18
1728541104.989200, 17
1728541105.001558, 18
1728541105.015312, 17
1728541105.031604, 18
1728541105.043453, 18
1728541105.055129, 19
1728541105.066799, 19
1728541105.078708, 18
1728541105.092959, 19
1728541105.108137, 18
1728541105.120151, 19
1728541105.131821, 18
1728541105.143557, 18
1728541105.155691, 18
1728541105.170038, 18
1728541105.184754, 19
1728541105.200452, 19
1728541105.214057, 20
1728541105.225818, 20
1728541105.237620, 17
1728541105.250155, 19
1728541105.262429, 18
1728541105.277433, 18
1728541105.289084, 17
1728541105.301020, 17
1728541105.312881, 10
1728541105.326717, 8
1728541105.339743, 6
1728541105.352537, 7
1728541105.367728, 7
1728541105.380238, 7
1728541105.391903, 8
1728541105.403574, 7
1728541105.415606, 7
1728541105.428219, 8
1728541105.441800, 8
1728541105.454926, 8
1728541105.467145, 7
1728541105.479660, 8
1728541105.491533, 8
1728541105.506126, 9
1728541105.522713, 8
1728541105.542522, 10
1728541105.557785, 9
1728541105.572243, 10
1728541105.584272, 9
1728541105.595890, 10
1728541105.608178, 11
1728541105.622113, 11
1728541105.634398, 11
1728541105.649131, 12
1728541105.663373, 11
1728541105.675447, 12
1728541105.687259, 11
1728541105.699233, 11
1728541105.711974, 12
1728541105.726058, 12
1728541105.738807, 11
1728541105.753014, 11
1728541105.764729, 13
1728541105.779044, 13
1728541105.793044, 15
1728541105.807112, 13
1728541105.821138, 13
1728541105.834848, 11
1728541105.850633, 14
1728541105.863119, 12
1728541105.876455, 12
1728541105.888119, 14
1728541105.899994, 12
1728541105.911603, 14
1728541105.923800, 13
1728541105.936196, 15
1728541105.950675, 16
1728541105.962543, 15
1728541105.974409, 14
1728541105.986435, 15
1728541105.999168, 14
1728541106.012220, 14
1728541106.026687, 15
1728541106.041520, 15
1728541106.053368, 15
1728541106.065028, 14
1728541106.078212, 15
1728541106.090678, 15
1728541106.103109, 17
1728541106.116966, 16
1728541106.128695, 15
1728541106.140518, 15
1728541106.152261, 16
1728541106.164250, 17
1728541106.177819, 16
1728541106.189544, 16
1728541106.201167, 15
1728541106.213026, 16
1728541106.225314, 16
1728541106.237553, 16
1728541106.251082, 18
1728541106.264179, 17
1728541106.275907, 19
1728541106.289120, 17
1728541106.301656, 17
1728541106.315475, 18
1728541106.328704, 18
1728541106.344129, 16
1728541106.356016, 17
1728541106.367752, 19
1728541106.379506, 17
1728541106.391344, 19
1728541106.407117, 20
1728541106.422690, 19
1728541106.436219, 20
1728541106.448587, 19
1728541106.460335, 18
1728541106.472326, 18
1728541106.484779, 19
1728541106.502758, 20
1728541106.514788, 18
1728541106.529128, 17
1728541106.544699, 18
1728541106.560634, 19
1728541106.572709, 19
1728541106.584743, 17
1728541106.596973, 17
1728541106.609210, 16
1728541106.623836, 13
1728541106.637901, 12
1728541106.650728, 10
1728541106.662629, 10
1728541106.674645, 7
1728541106.687252, 1
1728541106.700727, 1
1728541106.716451, 2
1728541106.728902, 1
1728541106.740641, 4
1728541106.752735, 1
1728541106.765207, 3
1728541106.779120, 2
1728541106.792146, 4
1728541106.805919, 2
1728541106.822496, 3
1728541106.834381, 2
1728541106.846680, 4
1728541106.859734, 3
1728541106.874894, 5
1728541106.890589, 3
1728541106.903876, 3
1728541106.917669, 3
1728541106.932875, 3
1728541106.946580, 4
1728541106.958395, 4
1728541106.970150, 5
1728541106.982049, 5
1728541106.994906, 4
1728541107.007686, 6
1728541107.019490, 5
1728541107.031324, 5
1728541107.043569, 5
1728541107.056930, 7
1728541107.070622, 7
1728541107.082430, 6
1728541107.094168, 7
1728541107.107455, 8
1728541107.119844, 9
1728541107.131997, 6
1728541107.146025, 8
1728541107.163028, 7
1728541107.178252, 8
1728541107.192033, 8
1728541107.204980, 8
1728541107.216729, 9
1728541107.228451, 9
1728541107.240600, 9
1728541107.256051, 10
1728541107.268043, 9
1728541107.282390, 9
1728541107.294150, 10
1728541107.306070, 8
1728541107.317801, 10
1728541107.331837, 10
1728541107.345663, 10
1728541107.361618, 11
1728541107.376305, 11
1728541107.388874, 10
1728541107.401893, 13
1728541107.413679, 12
1728541107.425872, 11
1728541107.439537, 11
1728541107.452099, 11
1728541107.466682, 11
1728541107.478515, 11
1728541107.490236, 13
1728541107.501823, 12
1728541107.514455, 12
1728541107.528067, 13
1728541107.539890, 13
1728541107.551649, 14
1728541107.564575, 13
1728541107.577677, 13
1728541107.591353, 12
1728541107.603211, 14
1728541107.615011, 13
1728541107.627763, 15
1728541107.641712, 14
1728541107.655483, 14
1728541107.669358, 14
1728541107.684362, 14
1728541107.696313, 14
1728541107.712502, 16
1728541107.727479, 15
1728541107.742655, 15
1728541107.756497, 13
1728541107.768245, 14
1728541107.779871, 15
1728541107.791480, 16
1728541107.805672, 14
1728541107.819717, 16
1728541107.834398, 15
1728541107.846348, 17
1728541107.858751, 16
1728541107.871861, 16
1728541107.883876, 15
1728541107.896208, 17
1728541107.908202, 16
1728541107.923651, 16
1728541107.938320, 16
1728541107.950061, 16
1728541107.961907, 17
1728541107.973792, 16
1728541107.985484, 16
1728541107.999031, 18
1728541108.015725, 20
1728541108.030200, 20
1728541108.044518, 17
1728541108.056289, 17
1728541108.068075, 18
1728541108.079798, 17
1728541108.091581, 16
1728541108.106124, 18
1728541108.121173, 18
1728541108.137813, 18
1728541108.150635, 18
1728541108.162404, 20
1728541108.174136, 20
1728541108.186616, 20
1728541108.199961, 19
1728541108.212052, 19
1728541108.226453, 17
1728541108.238097, 17
1728541108.249707, 20
1728541108.261685, 19
1728541108.274132, 18
1728541108.288172, 18
1728541108.303276, 16
1728541108.319031, 11
1728541108.330781, 8
1728541108.344811, 7
1728541108.356583, 8
1728541108.369956, 6
1728541108.387499, 6
1728541108.400149, 6
1728541108.413420, 8
1728541108.428792, 7
1728541108.442727, 7
1728541108.454593, 7
1728541108.466344, 8
1728541108.478101, 9
1728541108.491658, 9
1728541108.505842, 9
1728541108.517612, 9
1728541108.529410, 10
1728541108.541572, 10
1728541108.554182, 9
1728541108.567124, 9
1728541108.584156, 9
1728541108.598567, 9
1728541108.611410, 11
1728541108.623107, 11
1728541108.634965, 12
1728541108.647782, 12
1728541108.661812, 11
1728541108.676342, 10
1728541108.691828, 12
1728541108.705868, 10
1728541108.720015, 10
1728541108.732272, 10
1728541108.747354, 11
1728541108.763232, 12
1728541108.777504, 12
1728541108.789292, 12
1728541108.801068, 13
1728541108.814526, 13
1728541108.826857, 12
1728541108.839793, 13
1728541108.854051, 12
1728541108.865869, 13
1728541108.878210, 14
1728541108.890064, 14
1728541108.903708, 14
1728541108.920567, 15
1728541108.934639, 15
1728541108.946429, 13
1728541108.962570, 14
1728541108.974237, 15
1728541108.986018, 14
1728541108.997609, 14
1728541109.010947, 13
1728541109.023226, 15
1728541109.036077, 14
1728541109.047730, 14
1728541109.059434, 15
1728541109.071838, 15
1728541109.084691, 16
1728541109.099730, 16
1728541109.112416, 15
1728541109.124474, 16
1728541109.137601, 16
1728541109.149416, 14
1728541109.161266, 16
1728541109.174658, 15
1728541109.186681, 17
1728541109.198276, 17
1728541109.211584, 17
1728541109.223722, 18
1728541109.236478, 17
1728541109.250167, 17
1728541109.261827, 17
1728541109.273621, 16
1728541109.285383, 18
1728541109.299458, 18
1728541109.312017, 18
1728541109.326631, 18
1728541109.341731, 17
1728541109.357155, 18
1728541109.368885, 17
1728541109.380610, 18
1728541109.392267, 18
1728541109.406393, 19
1728541109.420479, 19
1728541109.432140, 19
1728541109.447465, 19
1728541109.462641, 18
1728541109.476118, 19
1728541109.489956, 18
1728541109.501879, 18
1728541109.513819, 19
1728541109.526836, 19
1728541109.538466, 19
1728541109.553180, 18
1728541109.564857, 18
1728541109.576539, 16
1728541109.588422, 18
1728541109.602362, 18
1728541109.614523, 16
1728541109.628354, 16
1728541109.643513, 17
1728541109.658951, 11
1728541109.670620, 9
1728541109.682344, 6
1728541109.694140, 4
1728541109.706879, 7
1728541109.719041, 7
1728541109.733693, 7
1728541109.748321, 7
1728541109.761172, 6
1728541109.772963, 8
1728541109.784681, 8
1728541109.798741, 9
1728541109.811788, 8
1728541109.826630, 8
1728541109.843946, 9
1728541109.855877, 9
1728541109.867994, 9
1728541109.881878, 9
1728541109.895673, 9
1728541109.910854, 9
1728541109.924285, 9
1728541109.939747, 10
1728541109.951398, 10
1728541109.963028, 9
1728541109.975314, 9
1728541109.987184, 10
1728541110.001115, 12
1728541110.015040, 11
1728541110.029260, 11
1728541110.043201, 12
1728541110.057036, 12
1728541110.071446, 12
1728541110.083171, 11
1728541110.094844, 12
1728541110.106569, 10
1728541110.119105, 12
1728541110.131369, 13
1728541110.144593, 13
1728541110.158714, 12
1728541110.171095, 13
1728541110.183996, 12
1728541110.196605, 14
1728541110.208371, 13
1728541110.220054, 12
1728541110.232719, 12
1728541110.245218, 13
1728541110.259684, 13
1728541110.277263, 15
1728541110.290204, 15
1728541110.301905, 15
1728541110.313846, 13
1728541110.326621, 13
1728541110.340612, 15
1728541110.353458, 14
1728541110.366528, 15
1728541110.383581, 14
1728541110.401582, 14
1728541110.413662, 15
1728541110.425401, 15
1728541110.437899, 16
1728541110.451535, 17
1728541110.465716, 15
1728541110.477571, 16
1728541110.492101, 16
1728541110.504728, 16
1728541110.516468, 16
1728541110.528166, 14
1728541110.540725, 15
1728541110.554861, 17
1728541110.568922, 17
1728541110.583063, 17
1728541110.595330, 17
1728541110.606950, 17
1728541110.618546, 17
1728541110.632389, 16
1728541110.648548, 17
1728541110.662326, 17
1728541110.674223, 16
1728541110.688733, 17
1728541110.705330, 17
1728541110.718277, 18
1728541110.730226, 18
1728541110.742354, 17
1728541110.754209, 18
1728541110.768499, 18
1728541110.780143, 20
1728541110.791800, 19
1728541110.803470, 20
1728541110.816560, 18
1728541110.830380, 19
1728541110.844100, 18
1728541110.857929, 19
1728541110.872631, 18
1728541110.886733, 19
1728541110.898987, 20
1728541110.913717, 19
1728541110.925702, 18
1728541110.937733, 17
1728541110.951672, 19
1728541110.965666, 18
1728541110.981442, 18
1728541110.993251, 16
1728541111.007539, 17
1728541111.019301, 17
1728541111.030982, 11
1728541111.042605, 10
1728541111.056216, 8
1728541111.068775, 5
1728541111.083390, 9
1728541111.095076, 8
1728541111.106705, 5
1728541111.118492, 6
1728541111.130481, 8
1728541111.143134, 8
1728541111.154736, 9
1728541111.166579, 7
1728541111.178387, 8
1728541111.191937, 9
1728541111.203581, 8
1728541111.215328, 10
1728541111.226946, 10
1728541111.238700, 9
1728541111.250346, 10
1728541111.263174, 10
1728541111.277032, 10
1728541111.288679, 9
1728541111.300886, 10
1728541111.312498, 10
1728541111.324165, 10
1728541111.335866, 9
1728541111.352969, 12
1728541111.366204, 12
1728541111.378902, 12
1728541111.393986, 11
1728541111.406049, 10
1728541111.419511, 11
1728541111.434650, 13
1728541111.447026, 12
1728541111.459887, 11
1728541111.472806, 12
1728541111.484624, 13
1728541111.496655, 13
1728541111.508406, 14
1728541111.522398, 13
1728541111.536651, 14
1728541111.550682, 12
1728541111.563240, 13
1728541111.578096, 12
1728541111.589831, 12
1728541111.601749, 12
1728541111.613784, 12
1728541111.626812, 13
1728541111.640932, 14
1728541111.652773, 14
1728541111.671588, 14
1728541111.684267, 16
1728541111.696047, 15
1728541111.708219, 15
1728541111.720495, 15
1728541111.738400, 16
1728541111.750962, 14
1728541111.765829, 15
1728541111.781746, 13
1728541111.797945, 14
1728541111.811262, 16
1728541111.824537, 17
1728541111.836304, 16
1728541111.847914, 16
1728541111.859682, 15
1728541111.873317, 16
1728541111.884945, 16
1728541111.896778, 17
1728541111.908502, 16
1728541111.920538, 17
1728541111.935908, 17
1728541111.949627, 16
1728541111.961695, 16
1728541111.975543, 16
1728541111.989169, 17
1728541112.006321, 19
1728541112.020579, 17
1728541112.034453, 17
1728541112.046667, 17
1728541112.060181, 18
1728541112.075086, 18
1728541112.086728, 18
1728541112.098399, 18
1728541112.110243, 18
1728541112.122897, 18
1728541112.134603, 18
1728541112.146225, 19
1728541112.158392, 19
1728541112.170580, 20
1728541112.187708, 20
1728541112.200625, 19
1728541112.213353, 19
1728541112.229487, 18
1728541112.241160, 19
1728541112.252931, 20
1728541112.265060, 20
1728541112.277843, 19
1728541112.295188, 20
1728541112.308511, 19
1728541112.320588, 20
1728541112.334646, 19
1728541112.350241, 20
1728541112.363733, 19
1728541112.375417, 19
1728541112.387344, 20
1728541112.399040, 19
1728541112.413401, 19
1728541112.426024, 19
1728541112.437778, 19
1728541112.449523, 19
1728541112.462040, 19
1728541112.477242, 18
1728541112.489290, 12
1728541112.503967, 8
1728541112.515673, 7
1728541112.527621, 7
1728541112.539515, 7
1728541112.552083, 8
1728541112.564806, 7
1728541112.578029, 7
1728541112.597119, 9
1728541112.613399, 8
1728541112.626979, 9
1728541112.642219, 8
1728541112.655317, 7
1728541112.667128, 9
1728541112.679449, 10
1728541112.691498, 9
1728541112.706266, 8
1728541112.722016, 9
1728541112.733675, 9
1728541112.745782, 9
1728541112.757612, 11
1728541112.770237, 10
1728541112.782812, 10
1728541112.795469, 10
1728541112.807390, 10
1728541112.819013, 9
1728541112.830801, 11
1728541112.845095, 11
1728541112.857631, 11
1728541112.871540, 11
1728541112.883263, 11
1728541112.895017, 12
1728541112.908334, 12
1728541112.922316, 12
1728541112.937354, 11
1728541112.951444, 12
1728541112.964555, 13
1728541112.977436, 12
1728541112.989102, 11
1728541113.000981, 12
1728541113.013883, 14
1728541113.027870, 14
1728541113.041768, 13
1728541113.055593, 14
1728541113.067605, 14
1728541113.080586, 13
1728541113.092341, 14
1728541113.104167, 13
1728541113.116765, 14
1728541113.129088, 15
1728541113.148370, 15
1728541113.160949, 13
1728541113.174497, 14
1728541113.187667, 15
1728541113.199367, 14
1728541113.211400, 14
1728541113.225610, 17
1728541113.238611, 16
1728541113.251317, 16
1728541113.264183, 16
1728541113.275825, 15
1728541113.287478, 14
1728541113.299438, 16
1728541113.311061, 15
1728541113.326811, 15
1728541113.342286, 17
1728541113.356863, 16
1728541113.368668, 16
1728541113.380414, 16
1728541113.392387, 17
1728541113.406506, 17
1728541113.420457, 17
1728541113.434336, 17
1728541113.447820, 15
1728541113.463006, 17
1728541113.478558, 17
1728541113.490385, 18
1728541113.502069, 16
1728541113.514107, 17
1728541113.527373, 17
1728541113.541221, 18
1728541113.553709, 16
1728541113.567129, 19
1728541113.582867, 19
1728541113.597405, 18
1728541113.609352, 19
1728541113.620973, 17
1728541113.632780, 17
1728541113.646165, 19
1728541113.660128, 19
1728541113.675280, 19
1728541113.687003, 19
1728541113.698688, 19
1728541113.711197, 19
1728541113.723199, 19
1728541113.735894, 18
1728541113.748291, 18
1728541113.762019, 18
1728541113.777206, 17
1728541113.788950, 17
1728541113.800994, 19
1728541113.812739, 13
1728541113.825075, 9
1728541113.840756, 5
1728541113.857873, 7
1728541113.870034, 6
1728541113.884435, 8
1728541113.899671, 7
1728541113.913704, 7
1728541113.925593, 8
1728541113.937212, 7
1728541113.948846, 7
1728541113.961289, 7
1728541113.974981, 8
1728541113.986894, 9
1728541113.998628, 8
1728541114.010456, 8
1728541114.022773, 9
1728541114.035290, 9
1728541114.050406, 10
1728541114.064610, 9
1728541114.076343, 10
1728541114.088095, 9
1728541114.099833, 9
1728541114.112368, 10
1728541114.125321, 9
1728541114.136944, 9
1728541114.149223, 11
1728541114.160972, 11
1728541114.173366, 10
1728541114.184977, 10
1728541114.198185, 12
1728541114.210059, 12
1728541114.222076, 11
1728541114.233867, 12
1728541114.246684, 11
1728541114.260728, 12
1728541114.274144, 11
1728541114.285949, 12
1728541114.297818, 11
1728541114.309897, 13
1728541114.323060, 13
1728541114.335983, 11
1728541114.347957, 12
1728541114.359848, 12
1728541114.371785, 13
1728541114.383695, 14
1728541114.395314, 13
1728541114.411479, 13
1728541114.426605, 13
1728541114.438316, 14
1728541114.450312, 13
1728541114.462360, 13
1728541114.475875, 14
1728541114.491700, 15
1728541114.506252, 13
1728541114.518078, 14
1728541114.529902, 14
1728541114.541601, 15
1728541114.553962, 14
1728541114.567429, 14
1728541114.580993, 16
1728541114.592911, 17
1728541114.604649, 15
1728541114.616809, 16
1728541114.628880, 15
1728541114.643824, 16
1728541114.658849, 16
1728541114.671730, 15
1728541114.683602, 16
1728541114.695516, 16
1728541114.707792, 16
1728541114.722595, 17
1728541114.734391, 16
1728541114.746211, 17
1728541114.758025, 15
1728541114.769835, 16
1728541114.781782, 17
1728541114.796068, 17
1728541114.810526, 18
1728541114.823462, 17
1728541114.836213, 17
1728541114.848226, 17
1728541114.859949, 18
1728541114.873226, 18
1728541114.887044, 18
1728541114.899804, 17
1728541114.914292, 18
1728541114.928487, 18
1728541114.941174, 19
1728541114.953010, 19
1728541114.964823, 18
1728541114.976608, 19
1728541114.988897, 18
1728541115.007116, 19
1728541115.021434, 19
1728541115.033401, 19
1728541115.045293, 19
1728541115.056983, 19
1728541115.070099, 19
1728541115.083167, 20
1728541115.096422, 19
1728541115.108102, 20
1728541115.119778, 19
1728541115.132129, 19
1728541115.145956, 19
1728541115.160096, 19
1728541115.172502, 18
1728541115.186369, 19
1728541115.198033, 19
1728541115.209968, 19
1728541115.221748, 18
1728541115.233554, 18
1728541115.247509, 16
1728541115.263021, 13
1728541115.274843, 10
1728541115.286728, 8
1728541115.298498, 7
1728541115.311647, 7
1728541115.323457, 6
1728541115.337887, 7
1728541115.351728, 7
1728541115.363437, 9
1728541115.375053, 6
1728541115.386665, 7
1728541115.400544, 8
1728541115.412996, 7
1728541115.426943, 9
1728541115.440995, 8
1728541115.453293, 10
1728541115.465422, 9
1728541115.481810, 9
1728541115.495296, 9
1728541115.511775, 9
1728541115.529799, 9
1728541115.544826, 11
1728541115.562002, 11
1728541115.577730, 11
1728541115.593385, 10
1728541115.609469, 10
1728541115.621171, 11
1728541115.632925, 10
1728541115.644809, 10
1728541115.657480, 12
1728541115.672800, 12
1728541115.689823, 11
1728541115.703758, 11
1728541115.715623, 12
1728541115.727315, 12
1728541115.738952, 12
1728541115.750534, 12
1728541115.763525, 11
1728541115.776983, 12
1728541115.790848, 12
1728541115.802610, 13
1728541115.814299, 12
1728541115.825936, 13
1728541115.837806, 13
1728541115.852365, 13
1728541115.867320, 12
1728541115.879008, 14
1728541115.890644, 14
1728541115.902528, 14
1728541115.914974, 14
1728541115.927739, 14
1728541115.942052, 15
1728541115.956540, 15
1728541115.970737, 13
1728541115.983501, 16
1728541115.995722, 15
1728541116.009009, 15
1728541116.021559, 15
1728541116.033743, 15
1728541116.049924, 15
1728541116.062523, 16
1728541116.074455, 15
1728541116.086602, 16
1728541116.100924, 16
1728541116.115250, 17
1728541116.129302, 16
1728541116.143294, 16
1728541116.157346, 16
1728541116.171115, 17
1728541116.184993, 16
1728541116.199410, 17
1728541116.211625, 16
1728541116.227847, 17
1728541116.242167, 17
1728541116.254102, 18
1728541116.266954, 18
1728541116.279320, 16
1728541116.293283, 19
1728541116.307430, 18
1728541116.321180, 18
1728541116.333441, 17
1728541116.347090, 18
1728541116.362863, 18
1728541116.374604, 19
1728541116.386186, 17
1728541116.397820, 18
1728541116.410423, 19
1728541116.423083, 19
1728541116.434906, 19
1728541116.446505, 20
1728541116.460087, 18
1728541116.472057, 18
1728541116.484039, 19
1728541116.498172, 19
1728541116.513219, 19
1728541116.525081, 19
1728541116.537610, 19
1728541116.549402, 19
1728541116.561694, 20
1728541116.574226, 18
1728541116.587943, 19
1728541116.602911, 19
1728541116.614699, 19
1728541116.626557, 20
1728541116.638238, 20
1728541116.652019, 18
1728541116.666641, 18
1728541116.680640, 18
1728541116.693405, 17
1728541116.706574, 18
1728541116.720624, 13
1728541116.732405, 10
1728541116.744148, 11
1728541116.756181, 10
1728541116.772605, 6
1728541116.790586, 7
1728541116.803885, 6
1728541116.819179, 8
1728541116.831287, 8
1728541116.843547, 7
1728541116.855548, 7
1728541116.869700, 9
1728541116.884179, 9
1728541116.899019, 7
1728541116.914314, 8
1728541116.929409, 10
1728541116.946428, 9
1728541116.961586, 9
1728541116.976728, 9
1728541116.988495, 9
1728541117.000288, 9
1728541117.012079, 10
1728541117.025899, 10
1728541117.037699, 10
1728541117.051768, 10
1728541117.067785, 10
1728541117.084575, 9
1728541117.096372, 12
1728541117.108231, 13
1728541117.120091, 11
1728541117.132089, 10
1728541117.144755, 12
1728541117.159431, 11
1728541117.171065, 12
1728541117.182822, 11
1728541117.194454, 12
1728541117.207013, 12
1728541117.219882, 13
1728541117.235104, 12
1728541117.249230, 12
1728541117.261086, 12
1728541117.273173, 12
1728541117.284930, 14
1728541117.301532, 13
1728541117.315763, 13
1728541117.329632, 13
1728541117.341403, 13
1728541117.353400, 14
1728541117.365235, 14
1728541117.378073, 14
1728541117.390931, 15
1728541117.406651, 14
1728541117.421320, 15
1728541117.434463, 15
1728541117.446260, 14
1728541117.458159, 15
1728541117.470266, 15
1728541117.483552, 16
1728541117.497834, 15
1728541117.510542, 15
1728541117.522868, 16
1728541117.534919, 14
1728541117.546734, 16
1728541117.560402, 15
1728541117.574404, 16
1728541117.586975, 14
1728541117.600394, 16
1728541117.615936, 16
1728541117.630573, 16
1728541117.642912, 16
1728541117.655058, 17
1728541117.666845, 16
1728541117.679696, 16
1728541117.691902, 16
1728541117.706456, 18
1728541117.718114, 18
1728541117.730056, 17
1728541117.742124, 16
1728541117.754715, 16
1728541117.767171, 18
1728541117.779841, 17
1728541117.791457, 17
1728541117.803194, 16
1728541117.815852, 18
1728541117.832511, 19
1728541117.848355, 18
1728541117.861302, 17
1728541117.875763, 19
1728541117.889802, 18
1728541117.901515, 19
1728541117.913334, 19
1728541117.925009, 19
1728541117.936760, 19
1728541117.950791, 19
1728541117.965038, 19
1728541117.976799, 19
1728541117.988567, 19
1728541118.000284, 20
1728541118.012699, 19
1728541118.027488, 19
1728541118.042272, 19
1728541118.056610, 18
1728541118.068279, 18
1728541118.079958, 19
1728541118.091543, 19
1728541118.104954, 19
1728541118.116562, 18
1728541118.128244, 18
1728541118.139972, 18
1728541118.151700, 14
1728541118.164318, 11
1728541118.179472, 10
1728541118.193061, 9
1728541118.205065, 6
1728541118.217820, 5
1728541118.229572, 7
1728541118.241277, 7
1728541118.253525, 7
1728541118.267586, 6
1728541118.281717, 7
1728541118.294239, 9
1728541118.308734, 8
1728541118.321861, 7
1728541118.334288, 8
1728541118.347108, 9
1728541118.360940, 9
1728541118.373337, 9
1728541118.387251, 9
1728541118.398949, 9
1728541118.410855, 8
1728541118.422560, 8
1728541118.434237, 9
1728541118.447217, 10
1728541118.462165, 11
1728541118.477319, 11
1728541118.490983, 10
1728541118.502730, 11
1728541118.514434, 11
1728541118.526876, 11
1728541118.539825, 11
1728541118.554337, 10
1728541118.566010, 12
1728541118.577827, 12
1728541118.589978, 12
1728541118.602517, 11
1728541118.614889, 11
1728541118.629437, 13
1728541118.644729, 12
1728541118.659908, 12
1728541118.671823, 13
1728541118.683658, 13
1728541118.695568, 12
1728541118.708446, 12
1728541118.725618, 14
1728541118.739696, 14
1728541118.752259, 13
1728541118.766455, 13
1728541118.784029, 14
1728541118.798390, 14
1728541118.810173, 13
1728541118.822093, 14
1728541118.834735, 14
1728541118.846919, 15
1728541118.860683, 15
1728541118.876548, 14
1728541118.892245, 15
1728541118.907855, 14
1728541118.919588, 16
1728541118.931465, 14
1728541118.943197, 15
1728541118.955348, 16
1728541118.972203, 17
1728541118.986125, 15
1728541118.998638, 15
1728541119.012465, 16
1728541119.024222, 16
1728541119.035905, 16
1728541119.047640, 16
1728541119.060358, 16
1728541119.073287, 17
1728541119.090184, 16
1728541119.105202, 16
1728541119.119911, 16
1728541119.134882, 15
1728541119.146891, 17
1728541119.158921, 18
1728541119.170733, 17
1728541119.183210, 17
1728541119.194900, 18
1728541119.210793, 18
1728541119.222981, 18
1728541119.234890, 17
1728541119.246625, 18
1728541119.258545, 18
1728541119.273522, 18
1728541119.287269, 18
1728541119.302840, 19
1728541119.320354, 18
1728541119.336533, 18
1728541119.348457, 18
1728541119.361976, 19
1728541119.374069, 18
1728541119.386986, 20
1728541119.401686, 19
1728541119.415905, 18
1728541119.429775, 19
1728541119.443145, 19
1728541119.460674, 19
1728541119.476940, 18
1728541119.488799, 17
1728541119.504026, 17
1728541119.519242, 13
1728541119.533095, 10
1728541119.544963, 10
1728541119.556655, 10
1728541119.568323, 7
1728541119.582131, 7
1728541119.594870, 6
1728541119.608209, 7
1728541119.619956, 7
1728541119.631583, 5
1728541119.643157, 7
1728541119.656193, 8
1728541119.669784, 9
1728541119.682679, 8
1728541119.694505, 8
1728541119.706655, 8
1728541119.718704, 8
1728541119.731112, 9
1728541119.746361, 8
1728541119.759042, 9
1728541119.770790, 9
1728541119.782631, 10
1728541119.794676, 9
1728541119.809305, 9
1728541119.820995, 10
1728541119.832846, 11
1728541119.844726, 10
1728541119.856670, 10
1728541119.871552, 11
1728541119.885813, 11
1728541119.902722, 11
1728541119.916891, 11
1728541119.931247, 11
1728541119.945567, 12
1728541119.957475, 12
1728541119.970088, 11
1728541119.981826, 13
1728541119.993464, 12
1728541120.005076, 13
1728541120.017874, 12
1728541120.031752, 12
1728541120.044041, 13
1728541120.057664, 12
1728541120.069290, 12
1728541120.081248, 13
1728541120.092875, 12
1728541120.105939, 14
1728541120.118643, 13
1728541120.132260, 13
1728541120.144060, 12
1728541120.155825, 13
1728541120.167964, 13
1728541120.180486, 15
1728541120.194611, 14
1728541120.206287, 14
1728541120.217918, 15
1728541120.230338, 14
1728541120.243852, 14
1728541120.257914, 14
1728541120.272226, 15
1728541120.283906, 16
1728541120.295985, 16
1728541120.307960, 15
1728541120.320218, 16
1728541120.334435, 15
1728541120.348394, 16
1728541120.359983, 14
1728541120.376080, 15
1728541120.391851, 16
1728541120.403638, 16
1728541120.415289, 16
1728541120.427151, 16
1728541120.439682, 16
1728541120.452171, 16
1728541120.464063, 17
1728541120.475803, 16
1728541120.487525, 17
1728541120.499328, 16
1728541120.512974, 18
1728541120.527478, 18
1728541120.539116, 17
1728541120.550975, 18
1728541120.562803, 16
1728541120.575636, 17
1728541120.588760, 17
1728541120.600917, 18
1728541120.616731, 18
1728541120.633126, 19
1728541120.644926, 18
1728541120.656757, 19
1728541120.669036, 18
1728541120.682949, 18
1728541120.696378, 19
1728541120.714164, 19
1728541120.730104, 19
1728541120.742255, 18
1728541120.757788, 19
1728541120.776373, 19
1728541120.789827, 18
1728541120.804714, 19
1728541120.819540, 20
1728541120.832515, 19
1728541120.845544, 19
1728541120.857384, 18
1728541120.869219, 17
1728541120.886555, 16
1728541120.899385, 8
1728541120.914750, 7
1728541120.934691, 6
1728541120.949817, 8
1728541120.961683, 7
1728541120.973330, 7
1728541120.985006, 7
1728541120.998504, 7
1728541121.011337, 8
1728541121.025381, 8
1728541121.039801, 8
1728541121.051512, 8
1728541121.063184, 8
1728541121.074810, 9
1728541121.086669, 10
1728541121.100779, 9
1728541121.117423, 10
1728541121.134026, 8
1728541121.145818, 10
1728541121.157630, 10
1728541121.169249, 9
1728541121.182844, 10
1728541121.195845, 10
1728541121.210626, 11
1728541121.227551, 10
1728541121.243082, 10
1728541121.254958, 11
1728541121.266841, 10
1728541121.278464, 10
1728541121.291029, 12
1728541121.306827, 13
1728541121.327831, 12
1728541121.351140, 13
1728541121.368977, 12
1728541121.385539, 11
1728541121.397262, 13
1728541121.408920, 12
1728541121.421000, 13
1728541121.436579, 13
1728541121.450076, 12
1728541121.465531, 13
1728541121.477733, 15
1728541121.489583, 12
1728541121.501289, 12
1728541121.514796, 13
1728541121.528992, 13
1728541121.542910, 14
1728541121.555992, 14
1728541121.568209, 13
1728541121.579907, 15
1728541121.591736, 14
1728541121.603404, 14
1728541121.615780, 14
1728541121.630423, 14
1728541121.643292, 15
1728541121.655115, 14
1728541121.666791, 14
1728541121.679115, 15
1728541121.702831, 16
1728541121.714711, 16
1728541121.726422, 13
1728541121.738066, 14
1728541121.750591, 14
1728541121.764771, 15
1728541121.779725, 16
1728541121.793223, 15
1728541121.807312, 17
1728541121.819160, 17
1728541121.830927, 17
1728541121.842741, 16
1728541121.854515, 17
1728541121.869137, 17
1728541121.884788, 16
1728541121.896604, 17
1728541121.908680, 18
1728541121.920564, 18
1728541121.934468, 18
1728541121.949409, 18
1728541121.961834, 18
1728541121.973618, 18
1728541121.985247, 16
1728541121.996866, 17
1728541122.009248, 17
1728541122.021023, 16
1728541122.035283, 19
1728541122.047057, 19
1728541122.058698, 20
1728541122.070547, 18
1728541122.082897, 18
1728541122.096990, 19
1728541122.109428, 18
1728541122.123119, 18
1728541122.134801, 18
1728541122.146627, 18
1728541122.158278, 20
1728541122.170829, 20
1728541122.187917, 20
1728541122.201707, 19
1728541122.213530, 19
1728541122.227593, 19
1728541122.240303, 19
1728541122.251841, 19
1728541122.263683, 18
1728541122.275578, 18
1728541122.289606, 17
1728541122.301907, 17
1728541122.315595, 17
1728541122.331094, 17
1728541122.342862, 17
1728541122.354443, 11
1728541122.367034, 8
1728541122.378965, 6
1728541122.392929, 8
1728541122.409633, 8
1728541122.428248, 6
1728541122.440361, 7
1728541122.452190, 8
1728541122.463930, 9
1728541122.475931, 8
1728541122.494085, 8
1728541122.507876, 9
1728541122.521773, 9
1728541122.535550, 8
1728541122.547149, 9
1728541122.558819, 9
1728541122.570635, 8
1728541122.582307, 10
1728541122.595030, 9
1728541122.607919, 10
1728541122.620732, 12
1728541122.636302, 10
1728541122.647984, 10
1728541122.660012, 9
1728541122.672325, 10
1728541122.685107, 11
1728541122.697858, 11
1728541122.710548, 11
1728541122.722176, 11
1728541122.734282, 11
1728541122.746103, 12
1728541122.760017, 12
1728541122.773984, 11
1728541122.787732, 12
1728541122.801997, 12
1728541122.814004, 12
1728541122.826480, 12
1728541122.838183, 11
1728541122.849823, 13
1728541122.861959, 12
1728541122.876164, 13
1728541122.888075, 13
1728541122.902267, 13
1728541122.920016, 14
1728541122.937277, 13
1728541122.949311, 13
1728541122.962319, 14
1728541122.974272, 13
1728541122.987700, 14
1728541123.003220, 15
1728541123.018362, 14
1728541123.032527, 15
1728541123.044661, 14
1728541123.057247, 14
1728541123.070931, 15
1728541123.082647, 15
1728541123.094283, 14
1728541123.105917, 14
1728541123.119207, 15
1728541123.133089, 16
1728541123.145747, 16
1728541123.163059, 17
1728541123.178316, 15
1728541123.193294, 15
1728541123.204930, 15
1728541123.216611, 16
1728541123.228248, 17
1728541123.241369, 16
1728541123.252905, 15
1728541123.264671, 17
1728541123.276361, 17
1728541123.288390, 15
1728541123.302366, 18
1728541123.315246, 18
1728541123.331225, 16
1728541123.344286, 16
1728541123.358581, 18
1728541123.373212, 17
1728541123.384917, 18
1728541123.412615, 18
1728541123.429149, 18
1728541123.440859, 17
1728541123.459679, 18
1728541123.471540, 20
1728541123.483583, 19
1728541123.495678, 19
1728541123.509719, 18
1728541123.523671, 19
1728541123.537104, 18
1728541123.549589, 19
1728541123.564761, 18
1728541123.584337, 19
1728541123.598241, 19
1728541123.610481, 19
1728541123.625616, 20
1728541123.638058, 19
1728541123.651210, 19
1728541123.663003, 20
1728541123.675266, 19
1728541123.688882, 19
1728541123.700813, 18
1728541123.712595, 18
1728541123.724222, 18
1728541123.736116, 19
1728541123.750568, 13
1728541123.763287, 8
1728541123.775954, 7
1728541123.790293, 7
1728541123.801939, 8
1728541123.813760, 7
1728541123.825399, 7
1728541123.838715, 8
1728541123.851569, 8
1728541123.866182, 8
1728541123.877899, 8
1728541123.889638, 8
1728541123.901691, 8
1728541123.914356, 8
1728541123.929639, 9
1728541123.944835, 10
1728541123.958545, 9
1728541123.970850, 11
1728541123.982813, 9
1728541123.995342, 9
1728541124.008335, 8
1728541124.021254, 11
1728541124.032944, 10
1728541124.044652, 9
1728541124.056534, 10
1728541124.069674, 10
1728541124.084443, 12
1728541124.096554, 11
1728541124.108170, 11
1728541124.119812, 11
1728541124.131940, 11
1728541124.144078, 11
1728541124.157881, 11
1728541124.169635, 11
1728541124.181407, 10
1728541124.193107, 13
1728541124.205480, 13
1728541124.218105, 12
1728541124.234391, 14
1728541124.247355, 13
1728541124.259278, 12
1728541124.270923, 11
1728541124.282678, 13
1728541124.296184, 14
1728541124.309977, 14
1728541124.322170, 12
1728541124.336014, 14
1728541124.348646, 13
1728541124.360560, 14
1728541124.372477, 14
1728541124.384357, 14
1728541124.397345, 15
1728541124.411535, 14
1728541124.423728, 14
1728541124.435529, 15
1728541124.447346, 13
1728541124.460703, 13
1728541124.475116, 16
1728541124.490351, 17
1728541124.505095, 16
1728541124.518122, 16
1728541124.529834, 16
1728541124.542454, 16
1728541124.554338, 16
1728541124.569998, 15
1728541124.582271, 15
1728541124.596502, 15
1728541124.608147, 16
1728541124.619899, 15
1728541124.631649, 17
1728541124.644912, 17
1728541124.656534, 16
1728541124.673470, 16
1728541124.685583, 17
1728541124.697398, 17
1728541124.713548, 17
1728541124.726474, 19
1728541124.738237, 16
1728541124.749880, 16
1728541124.762819, 18
1728541124.775233, 18
1728541124.787906, 18
1728541124.801887, 18
1728541124.813631, 18
1728541124.825310, 17
1728541124.837114, 18
1728541124.850287, 18
1728541124.861965, 19
1728541124.876545, 19
1728541124.892349, 19
1728541124.907280, 17
1728541124.921624, 17
1728541124.933538, 18
1728541124.945508, 17
1728541124.957264, 17
1728541124.968986, 16
1728541124.984548, 17
1728541124.997821, 15
1728541125.009842, 9
1728541125.021766, 6
1728541125.033954, 6
1728541125.047058, 7
1728541125.065531, 7
1728541125.078963, 7
1728541125.092334, 6
1728541125.104129, 8
1728541125.116054, 6
1728541125.128142, 7
1728541125.141516, 8
1728541125.156787, 8
1728541125.168427, 8
1728541125.180424, 9
1728541125.193874, 9
1728541125.205703, 7
1728541125.217476, 9
1728541125.230565, 10
1728541125.245730, 9
1728541125.257488, 10
1728541125.269300, 9
1728541125.281269, 10
1728541125.294694, 12
1728541125.307628, 10
1728541125.320769, 10
1728541125.336475, 11
1728541125.348130, 10
1728541125.359730, 11
1728541125.371405, 11
1728541125.385228, 11
1728541125.397511, 11
1728541125.411912, 12
1728541125.426929, 11
1728541125.438893, 13
1728541125.450800, 11
1728541125.462769, 12
1728541125.475112, 12
1728541125.489858, 12
1728541125.505270, 13
1728541125.518278, 12
1728541125.530229, 13
1728541125.542069, 13
1728541125.553908, 13
1728541125.566598, 12
1728541125.579843, 14
1728541125.594793, 14
1728541125.606450, 13
1728541125.618730, 12
1728541125.630454, 13
1728541125.643295, 14
1728541125.658873, 14
1728541125.671886, 14
1728541125.684854, 14
1728541125.697850, 15
1728541125.711480, 15
1728541125.723291, 15
1728541125.735140, 16
1728541125.746911, 16
1728541125.759868, 14
1728541125.774712, 15
1728541125.786363, 15
1728541125.798184, 16
1728541125.809855, 16
1728541125.821629, 14
1728541125.835263, 16
1728541125.849411, 16
1728541125.862981, 15
1728541125.875170, 15
1728541125.887250, 16
1728541125.899091, 18
1728541125.912365, 17
1728541125.924746, 17
1728541125.939990, 16
1728541125.952773, 16
1728541125.965451, 16
1728541125.977287, 16
1728541125.992221, 17
1728541126.011230, 18
1728541126.028859, 17
1728541126.043283, 16
1728541126.054962, 18
1728541126.066812, 20
1728541126.078660, 19
1728541126.090913, 18
1728541126.104238, 18
1728541126.118968, 18
1728541126.130972, 18
1728541126.142656, 18
1728541126.154234, 18
1728541126.166131, 19
1728541126.179965, 19
1728541126.197289, 20
1728541126.209470, 19
1728541126.221644, 18
1728541126.233906, 20
1728541126.246209, 19
1728541126.262326, 17
1728541126.277066, 17
1728541126.288738, 17
1728541126.300507, 17
1728541126.312312, 16
1728541126.324241, 10
1728541126.338874, 10
1728541126.356047, 9
1728541126.371890, 7
1728541126.386645, 6
1728541126.398346, 5
1728541126.410032, 7
1728541126.421796, 6
1728541126.435265, 8
1728541126.447053, 6
1728541126.461577, 7
1728541126.473738, 7
1728541126.485623, 7
1728541126.497266, 8
1728541126.509172, 7
1728541126.527413, 8
1728541126.543563, 9
1728541126.555346, 9
1728541126.567042, 7
1728541126.578681, 8
1728541126.591498, 9
1728541126.604760, 10
1728541126.617026, 8
1728541126.628686, 10
1728541126.640309, 8
1728541126.651950, 10
1728541126.664765, 10
1728541126.680695, 11
1728541126.694890, 10
1728541126.708996, 11
1728541126.723310, 11
1728541126.735001, 10
1728541126.750882, 10
1728541126.762641, 10
1728541126.774927, 11
1728541126.787987, 11
1728541126.800821, 10
1728541126.812478, 12
1728541126.824337, 12
1728541126.836285, 13
1728541126.848655, 12
1728541126.860638, 11
1728541126.874551, 13
1728541126.888529, 13
1728541126.902369, 13
1728541126.915590, 13
1728541126.929296, 13
1728541126.942525, 12
1728541126.955185, 14
1728541126.966781, 14
1728541126.979066, 13
1728541126.990661, 13
1728541127.003969, 14
1728541127.017707, 14
1728541127.029534, 15
1728541127.041201, 15
1728541127.053062, 12
1728541127.064987, 14
1728541127.077201, 15
1728541127.091050, 14
1728541127.104492, 15
1728541127.117064, 15
1728541127.131545, 13
1728541127.143138, 16
1728541127.154858, 13
1728541127.166514, 13
1728541127.179565, 16
1728541127.193065, 16
1728541127.205072, 16
1728541127.217729, 15
1728541127.229619, 16
1728541127.241295, 15
1728541127.253948, 17
1728541127.266178, 17
1728541127.278158, 16
1728541127.289998, 15
1728541127.301661, 15
1728541127.314273, 17
1728541127.336694, 17
1728541127.350172, 17
