1728540789.225279, 0
1728540789.247287, 0
1728540789.259073, 0
1728540789.271354, 0
1728540789.284384, 0
1728540789.298656, 3
1728540789.311002, 6
1728540789.325172, 4
1728540789.336847, 8
1728540789.348573, 13
1728540789.360414, 17
1728540789.374031, 17
1728540789.386906, 22
1728540789.405999, 25
1728540789.422149, 30
1728540789.435541, 34
1728540789.449683, 36
1728540789.461363, 40
1728540789.474723, 42
1728540789.486968, 45
1728540789.501318, 48
1728540789.513155, 50
1728540789.529255, 52
1728540789.541193, 59
1728540789.553401, 61
1728540789.565880, 65
1728540789.580145, 68
1728540789.593345, 73
1728540789.606028, 75
1728540789.617661, 80
1728540789.629510, 80
1728540789.641460, 80
1728540789.655620, 80
1728540789.669930, 80
1728540789.682419, 80
1728540789.698677, 79
1728540789.711626, 80
1728540789.724283, 79
1728540789.751866, 80
1728540789.766856, 80
1728540789.778808, 80
1728540789.790461, 79
1728540789.802100, 80
1728540789.814131, 79
1728540789.827288, 80
1728540789.843072, 79
1728540789.858343, 80
1728540789.874365, 80
1728540789.886109, 80
1728540789.897694, 79
1728540789.909317, 79
1728540789.921708, 80
1728540789.935481, 80
1728540789.948002, 79
1728540789.964994, 79
1728540789.981700, 79
1728540789.999965, 79
1728540790.016173, 80
1728540790.032132, 79
1728540790.049851, 79
1728540790.062100, 80
1728540790.073844, 78
1728540790.085510, 79
1728540790.098175, 79
1728540790.113299, 80
1728540790.136876, 80
1728540790.149818, 80
1728540790.161695, 78
1728540790.174370, 79
1728540790.188308, 80
1728540790.200163, 80
1728540790.212140, 79
1728540790.223817, 79
1728540790.235930, 79
1728540790.249020, 79
1728540790.262534, 80
1728540790.275772, 78
1728540790.290591, 80
1728540790.305525, 78
1728540790.319385, 79
1728540790.345111, 79
1728540790.372034, 77
1728540790.387679, 77
1728540790.399624, 76
1728540790.411461, 75
1728540790.423455, 76
1728540790.435326, 76
1728540790.449461, 77
1728540790.464339, 76
1728540790.477362, 79
1728540790.489077, 79
1728540790.500919, 79
1728540790.513817, 79
1728540790.528926, 77
1728540790.544168, 77
1728540790.560205, 78
1728540790.573329, 80
1728540790.593830, 79
1728540790.605634, 77
1728540790.618746, 80
1728540790.630569, 79
1728540790.642286, 77
1728540790.654553, 80
1728540790.670954, 76
1728540790.685360, 73
1728540790.697066, 76
1728540790.708964, 71
1728540790.722634, 73
1728540790.738521, 76
1728540790.751466, 78
1728540790.763338, 78
1728540790.775381, 77
1728540790.787771, 78
1728540790.801653, 76
1728540790.814757, 75
1728540790.826877, 73
1728540790.841372, 75
1728540790.853013, 71
1728540790.864637, 69
1728540790.877218, 69
1728540790.891022, 69
1728540790.903421, 68
1728540790.916944, 69
1728540790.930684, 69
1728540790.942355, 69
1728540790.954019, 69
1728540790.966723, 68
1728540790.979170, 67
1728540790.994348, 64
1728540791.007699, 80
1728540791.019476, 78
1728540791.031836, 78
1728540791.044287, 77
1728540791.057092, 76
1728540791.074529, 76
1728540791.086936, 79
1728540791.102637, 76
1728540791.114274, 77
1728540791.125893, 75
1728540791.137493, 76
1728540791.149956, 77
1728540791.164669, 75
1728540791.180711, 77
1728540791.192553, 76
1728540791.204352, 77
1728540791.216113, 78
1728540791.228928, 78
1728540791.241471, 78
1728540791.255148, 78
1728540791.269189, 78
1728540791.281026, 77
1728540791.292811, 77
1728540791.304704, 76
1728540791.316417, 77
1728540791.334762, 80
1728540791.346805, 79
1728540791.360428, 79
1728540791.374507, 79
1728540791.386269, 79
1728540791.398335, 76
1728540791.410110, 73
1728540791.421838, 70
1728540791.435554, 70
1728540791.450379, 75
1728540791.464145, 75
1728540791.476474, 73
1728540791.488310, 73
1728540791.499936, 69
1728540791.515366, 80
1728540791.527048, 79
1728540791.543366, 79
1728540791.557614, 73
1728540791.569494, 71
1728540791.581876, 69
1728540791.595606, 73
1728540791.608867, 72
1728540791.628212, 70
1728540791.642091, 67
1728540791.654030, 65
1728540791.665680, 70
1728540791.677477, 74
1728540791.689088, 79
1728540791.701412, 79
1728540791.715346, 73
1728540791.727977, 73
1728540791.742559, 74
1728540791.756039, 76
1728540791.767887, 73
1728540791.779505, 72
1728540791.792639, 70
1728540791.804549, 67
1728540791.820639, 69
1728540791.835564, 67
1728540791.849894, 68
1728540791.862006, 65
1728540791.873767, 64
1728540791.886427, 62
1728540791.898998, 60
1728540791.910729, 59
1728540791.922441, 58
1728540791.934028, 59
1728540791.945794, 55
1728540791.958064, 53
1728540791.973038, 48
1728540791.985822, 47
1728540791.997512, 44
1728540792.009205, 42
1728540792.022198, 37
1728540792.034649, 31
1728540792.050596, 26
1728540792.068796, 28
1728540792.082971, 26
1728540792.097419, 26
1728540792.111426, 25
1728540792.123196, 26
1728540792.134975, 26
1728540792.146704, 27
1728540792.161095, 26
1728540792.174286, 26
1728540792.188375, 26
1728540792.200452, 26
1728540792.212150, 27
1728540792.224478, 28
1728540792.236111, 28
1728540792.252254, 27
1728540792.264263, 28
1728540792.275955, 30
1728540792.287911, 28
1728540792.300593, 28
1728540792.314515, 27
1728540792.328330, 27
1728540792.340428, 27
1728540792.352119, 27
1728540792.363834, 27
1728540792.375538, 28
1728540792.388993, 28
1728540792.402832, 30
1728540792.416827, 29
1728540792.429341, 29
1728540792.441987, 28
1728540792.453728, 31
1728540792.465337, 28
1728540792.476955, 28
1728540792.490211, 27
1728540792.505033, 29
1728540792.518858, 29
1728540792.543776, 27
1728540792.567696, 29
1728540792.583734, 27
1728540792.595516, 30
1728540792.607375, 29
1728540792.619445, 29
1728540792.637375, 30
1728540792.651453, 31
1728540792.665562, 29
1728540792.679505, 30
1728540792.693308, 29
1728540792.708158, 30
1728540792.722008, 30
1728540792.738589, 30
1728540792.750440, 30
1728540792.762108, 30
1728540792.774608, 28
1728540792.786263, 30
1728540792.797874, 32
1728540792.811762, 31
1728540792.823599, 31
1728540792.835476, 31
1728540792.847332, 32
1728540792.858956, 29
1728540792.870543, 29
1728540792.884612, 31
1728540792.898034, 30
1728540792.912885, 30
1728540792.927996, 31
1728540792.942033, 31
1728540792.953776, 31
1728540792.965492, 29
1728540792.977500, 32
1728540792.991204, 32
1728540793.003048, 32
1728540793.016975, 32
1728540793.031488, 32
1728540793.043379, 31
1728540793.055164, 31
1728540793.067068, 32
1728540793.081077, 33
1728540793.092934, 32
1728540793.106875, 32
1728540793.121304, 31
1728540793.137261, 30
1728540793.149245, 32
1728540793.161095, 32
1728540793.172928, 33
1728540793.190623, 34
1728540793.203398, 33
1728540793.217518, 33
1728540793.232648, 32
1728540793.246415, 33
1728540793.258228, 33
1728540793.270377, 32
1728540793.282795, 33
1728540793.295082, 32
1728540793.308228, 32
1728540793.320010, 33
1728540793.332412, 32
1728540793.344067, 32
1728540793.356860, 32
1728540793.368960, 33
1728540793.384866, 34
1728540793.397872, 34
1728540793.409631, 33
1728540793.421295, 35
1728540793.434737, 35
1728540793.448944, 33
1728540793.461389, 33
1728540793.473564, 34
1728540793.485723, 33
1728540793.497478, 33
1728540793.509883, 36
1728540793.539911, 34
1728540793.553647, 34
1728540793.567632, 33
1728540793.580703, 34
1728540793.593407, 35
1728540793.605174, 36
1728540793.617012, 35
1728540793.630831, 35
1728540793.645681, 36
1728540793.658807, 35
1728540793.670711, 35
1728540793.685086, 34
1728540793.696867, 34
1728540793.708634, 34
1728540793.724801, 35
1728540793.741045, 34
1728540793.752729, 34
1728540793.764597, 33
1728540793.776190, 34
1728540793.789753, 36
1728540793.801721, 35
1728540793.815522, 36
1728540793.830492, 37
1728540793.849299, 36
1728540793.864124, 37
1728540793.879140, 36
1728540793.895977, 36
1728540793.910681, 35
1728540793.926783, 35
1728540793.941123, 35
1728540793.953857, 35
1728540793.966142, 36
1728540793.977901, 36
1728540793.989886, 37
1728540794.003310, 37
1728540794.017111, 38
1728540794.031216, 37
1728540794.044419, 37
1728540794.056591, 37
1728540794.071935, 36
1728540794.087823, 36
1728540794.102879, 36
1728540794.116185, 37
1728540794.127963, 37
1728540794.140765, 36
1728540794.153711, 37
1728540794.167728, 37
1728540794.179458, 36
1728540794.191062, 37
1728540794.204927, 38
1728540794.219577, 38
1728540794.233821, 39
1728540794.245778, 39
1728540794.260797, 38
1728540794.274593, 39
1728540794.286453, 39
1728540794.298280, 37
1728540794.309972, 38
1728540794.323142, 37
1728540794.335129, 38
1728540794.348099, 37
1728540794.359745, 38
1728540794.371820, 38
1728540794.383553, 37
1728540794.397189, 37
1728540794.409127, 37
1728540794.424461, 39
1728540794.436393, 40
1728540794.448268, 40
1728540794.460501, 40
1728540794.474767, 41
1728540794.488604, 41
1728540794.502386, 40
1728540794.517595, 39
1728540794.529217, 38
1728540794.540868, 38
1728540794.555166, 39
1728540794.570934, 40
1728540794.583253, 38
1728540794.596831, 38
1728540794.609061, 39
1728540794.621170, 39
1728540794.634052, 38
1728540794.647767, 39
1728540794.661983, 39
1728540794.674090, 39
1728540794.685864, 38
1728540794.697835, 40
1728540794.712224, 40
1728540794.726131, 40
1728540794.740071, 39
1728540794.752332, 39
1728540794.766677, 39
1728540794.778618, 39
1728540794.790459, 39
1728540794.802164, 40
1728540794.814916, 40
1728540794.828824, 39
1728540794.840465, 39
1728540794.858812, 40
1728540794.874155, 41
1728540794.888582, 40
1728540794.900354, 40
1728540794.912250, 41
1728540794.924264, 41
1728540794.936592, 43
1728540794.950778, 40
1728540794.962713, 40
1728540794.976962, 40
1728540794.992389, 40
1728540795.007566, 39
1728540795.019210, 40
1728540795.030970, 41
1728540795.043026, 41
1728540795.054900, 40
1728540795.069462, 43
1728540795.083305, 42
1728540795.096027, 41
1728540795.107783, 41
1728540795.119652, 42
1728540795.133203, 42
1728540795.145344, 42
1728540795.160575, 43
1728540795.180176, 41
1728540795.193624, 41
1728540795.205503, 42
1728540795.217215, 42
1728540795.230875, 41
1728540795.244667, 41
1728540795.256281, 43
1728540795.271521, 44
1728540795.285254, 42
1728540795.296962, 45
1728540795.308786, 43
1728540795.320641, 43
1728540795.335471, 43
1728540795.349518, 42
1728540795.362859, 42
1728540795.380380, 43
1728540795.392648, 43
1728540795.408184, 42
1728540795.420977, 42
1728540795.433040, 43
1728540795.445606, 43
1728540795.458765, 41
1728540795.470756, 42
1728540795.485495, 43
1728540795.501022, 43
1728540795.515317, 43
1728540795.527646, 44
1728540795.539582, 44
1728540795.551399, 43
1728540795.565459, 44
1728540795.587844, 42
1728540795.601821, 44
1728540795.617399, 43
1728540795.629313, 43
1728540795.658971, 44
1728540795.671737, 42
1728540795.683847, 44
1728540795.696304, 43
1728540795.710017, 44
1728540795.723618, 44
1728540795.735655, 42
1728540795.747388, 43
1728540795.759210, 43
1728540795.772875, 43
1728540795.784991, 45
1728540795.796958, 45
1728540795.811526, 44
1728540795.824380, 44
1728540795.836134, 45
1728540795.847852, 44
1728540795.860299, 43
1728540795.874479, 45
1728540795.887775, 44
1728540795.902607, 43
1728540795.914260, 45
1728540795.926847, 45
1728540795.939105, 45
1728540795.952051, 44
1728540795.964636, 45
1728540795.977548, 45
1728540795.991304, 44
1728540796.003198, 44
1728540796.014923, 45
1728540796.028106, 46
1728540796.041954, 46
1728540796.055407, 45
1728540796.068576, 46
1728540796.081233, 46
1728540796.093420, 46
1728540796.105077, 45
1728540796.117336, 46
1728540796.129239, 45
1728540796.143362, 45
1728540796.158452, 45
1728540796.171665, 45
1728540796.183495, 46
1728540796.195995, 46
1728540796.210326, 45
1728540796.227549, 46
1728540796.241164, 45
1728540796.255909, 46
1728540796.269884, 47
1728540796.283765, 47
1728540796.297954, 47
1728540796.309880, 46
1728540796.324504, 46
1728540796.339477, 47
1728540796.351233, 47
1728540796.362905, 47
1728540796.374840, 45
1728540796.387344, 46
1728540796.399390, 47
1728540796.412284, 47
1728540796.424085, 46
1728540796.435733, 47
1728540796.447629, 47
1728540796.460266, 46
1728540796.473200, 47
1728540796.487728, 48
1728540796.503397, 47
1728540796.515153, 47
1728540796.526791, 45
1728540796.538428, 48
1728540796.558568, 49
1728540796.570332, 48
1728540796.582121, 47
1728540796.593939, 47
1728540796.605565, 47
1728540796.618468, 47
1728540796.632606, 47
1728540796.647376, 46
1728540796.662239, 47
1728540796.675301, 46
1728540796.687419, 47
1728540796.699227, 48
1728540796.711637, 47
1728540796.724132, 49
1728540796.737198, 49
1728540796.749310, 49
1728540796.763029, 48
1728540796.777215, 49
1728540796.791065, 49
1728540796.803927, 49
1728540796.820482, 48
1728540796.834339, 49
1728540796.845987, 47
1728540796.857602, 47
1728540796.869288, 48
1728540796.880910, 47
1728540796.893858, 47
1728540796.905866, 48
1728540796.921278, 49
1728540796.937474, 47
1728540796.949270, 48
1728540796.960906, 49
1728540796.972837, 50
1728540796.986407, 49
1728540797.001470, 49
1728540797.013136, 50
1728540797.024977, 49
1728540797.036732, 50
1728540797.049735, 50
1728540797.063180, 49
1728540797.076316, 48
1728540797.088156, 48
1728540797.099969, 49
1728540797.112378, 49
1728540797.124148, 48
1728540797.138259, 49
1728540797.153690, 49
1728540797.165796, 49
1728540797.177805, 49
1728540797.190085, 49
1728540797.202000, 50
1728540797.214734, 50
1728540797.227419, 50
1728540797.241472, 51
1728540797.253317, 51
1728540797.265657, 50
1728540797.277429, 50
1728540797.290353, 50
1728540797.303141, 51
1728540797.314843, 49
1728540797.326457, 49
1728540797.338173, 49
1728540797.350006, 49
1728540797.363819, 50
1728540797.379579, 50
1728540797.391316, 51
1728540797.403095, 50
1728540797.415327, 49
1728540797.427894, 49
1728540797.442474, 51
1728540797.456078, 50
1728540797.468190, 50
1728540797.480547, 52
1728540797.492476, 51
1728540797.504439, 50
1728540797.517921, 51
1728540797.533061, 52
1728540797.548088, 51
1728540797.559967, 51
1728540797.572187, 51
1728540797.583999, 50
1728540797.595818, 50
1728540797.609883, 50
1728540797.624967, 51
1728540797.636780, 50
1728540797.648492, 51
1728540797.660924, 51
1728540797.673198, 51
1728540797.686736, 51
1728540797.699731, 52
1728540797.711535, 52
1728540797.723562, 52
1728540797.738324, 51
1728540797.751187, 52
1728540797.764692, 52
1728540797.778695, 51
1728540797.790473, 53
1728540797.802796, 51
1728540797.814577, 51
1728540797.827150, 51
1728540797.843410, 52
1728540797.856683, 52
1728540797.868481, 52
1728540797.880336, 52
1728540797.892315, 51
1728540797.904040, 52
1728540797.916996, 53
1728540797.931203, 52
1728540797.945000, 53
1728540797.957973, 52
1728540797.969706, 52
1728540797.981356, 53
1728540797.993007, 53
1728540798.005759, 53
1728540798.017388, 52
1728540798.028943, 52
1728540798.040597, 53
1728540798.052321, 52
1728540798.064378, 52
1728540798.078637, 53
1728540798.090550, 52
1728540798.102179, 53
1728540798.113896, 52
1728540798.125732, 52
1728540798.137798, 52
1728540798.151600, 53
1728540798.167912, 54
1728540798.179716, 54
1728540798.191677, 54
1728540798.203609, 54
1728540798.217097, 54
1728540798.232686, 54
1728540798.247595, 54
1728540798.261806, 55
1728540798.274452, 54
1728540798.286674, 54
1728540798.298501, 53
1728540798.311512, 54
1728540798.325227, 54
1728540798.336847, 53
1728540798.351783, 52
1728540798.366411, 54
1728540798.379133, 54
1728540798.391160, 53
1728540798.404073, 53
1728540798.417730, 54
1728540798.432608, 55
1728540798.454023, 54
1728540798.465930, 55
1728540798.477785, 55
1728540798.489852, 55
1728540798.504304, 54
1728540798.519282, 54
1728540798.535274, 55
1728540798.551240, 54
1728540798.566887, 54
1728540798.581668, 54
1728540798.595450, 54
1728540798.607260, 54
1728540798.618996, 55
1728540798.631764, 53
1728540798.645510, 55
1728540798.659404, 54
1728540798.671026, 55
1728540798.682817, 54
1728540798.695107, 55
1728540798.707358, 56
1728540798.720272, 56
1728540798.732041, 55
1728540798.743980, 55
1728540798.755780, 56
1728540798.768302, 56
1728540798.781131, 56
1728540798.795906, 54
1728540798.808669, 56
1728540798.820549, 55
1728540798.832134, 54
1728540798.844485, 56
1728540798.858364, 55
1728540798.872176, 56
1728540798.885826, 54
1728540798.901164, 56
1728540798.917052, 56
1728540798.930076, 57
1728540798.949257, 55
1728540798.961330, 56
1728540798.979295, 56
1728540798.991188, 57
1728540799.003182, 55
1728540799.016315, 56
1728540799.030853, 57
1728540799.042762, 57
1728540799.057972, 56
1728540799.071815, 55
1728540799.083615, 55
1728540799.095327, 55
1728540799.107184, 56
1728540799.121095, 55
1728540799.133002, 56
1728540799.146952, 56
1728540799.159674, 57
1728540799.171383, 57
1728540799.183178, 57
1728540799.196033, 56
1728540799.209710, 58
1728540799.221442, 57
1728540799.233499, 56
1728540799.245287, 58
1728540799.258652, 57
1728540799.273323, 59
1728540799.287024, 57
1728540799.303328, 57
1728540799.321004, 56
1728540799.335440, 57
1728540799.349223, 56
1728540799.360866, 55
1728540799.372843, 56
1728540799.385269, 56
1728540799.396990, 57
1728540799.410130, 55
1728540799.425871, 58
1728540799.438653, 58
1728540799.450389, 59
1728540799.462367, 57
1728540799.475631, 58
1728540799.489449, 58
1728540799.504273, 59
1728540799.519448, 58
1728540799.533457, 58
1728540799.545424, 58
1728540799.557046, 57
1728540799.569183, 57
1728540799.581153, 58
1728540799.595568, 58
1728540799.611841, 58
1728540799.625792, 57
1728540799.637705, 57
1728540799.649446, 58
1728540799.661152, 57
1728540799.674717, 58
1728540799.686759, 58
1728540799.702114, 59
1728540799.719511, 58
1728540799.735083, 60
1728540799.749529, 59
1728540799.761463, 60
1728540799.773783, 60
1728540799.785610, 60
1728540799.797559, 59
1728540799.810731, 58
1728540799.826696, 59
1728540799.838406, 58
1728540799.850076, 59
1728540799.862442, 57
1728540799.874253, 59
1728540799.888770, 59
1728540799.900581, 57
1728540799.912970, 57
1728540799.924984, 59
1728540799.936806, 59
1728540799.949104, 58
1728540799.965023, 60
1728540799.978186, 60
1728540799.991775, 60
1728540800.006009, 60
1728540800.017825, 59
1728540800.031119, 61
1728540800.043333, 59
1728540800.057410, 60
1728540800.072017, 61
1728540800.085814, 59
1728540800.097488, 59
1728540800.109305, 59
1728540800.121835, 59
1728540800.134032, 59
1728540800.149827, 61
1728540800.163712, 60
1728540800.175311, 60
1728540800.187962, 58
1728540800.199711, 59
1728540800.211908, 60
1728540800.223904, 61
1728540800.238503, 61
1728540800.252247, 61
1728540800.264206, 61
1728540800.275955, 61
1728540800.287998, 61
1728540800.299751, 60
1728540800.315170, 61
1728540800.331355, 60
1728540800.346044, 60
1728540800.357786, 60
1728540800.370046, 57
1728540800.381672, 59
1728540800.393260, 61
1728540800.406665, 60
1728540800.419382, 60
1728540800.434144, 60
1728540800.446076, 61
1728540800.457916, 61
1728540800.469653, 61
1728540800.481989, 60
1728540800.500219, 63
1728540800.512735, 61
1728540800.526579, 61
1728540800.544847, 62
1728540800.559961, 60
1728540800.572008, 62
1728540800.583861, 61
1728540800.596075, 63
1728540800.608076, 61
1728540800.621380, 62
1728540800.637325, 62
1728540800.652313, 60
1728540800.666017, 60
1728540800.678310, 61
1728540800.690062, 60
1728540800.701838, 59
1728540800.714792, 61
1728540800.729590, 62
1728540800.743629, 62
1728540800.758861, 62
1728540800.771208, 61
1728540800.783265, 62
1728540800.796152, 62
1728540800.810084, 61
1728540800.822488, 63
1728540800.835686, 62
1728540800.850208, 62
1728540800.865259, 62
1728540800.877126, 60
1728540800.889276, 62
1728540800.901276, 62
1728540800.914717, 61
1728540800.928524, 62
1728540800.942843, 61
1728540800.955310, 62
1728540800.967143, 61
1728540800.979565, 62
1728540800.991204, 62
1728540801.003184, 61
1728540801.016808, 62
1728540801.029170, 63
1728540801.043925, 64
1728540801.061505, 63
1728540801.078323, 63
1728540801.093947, 63
1728540801.107594, 63
1728540801.119541, 64
1728540801.131253, 63
1728540801.144076, 63
1728540801.156589, 63
1728540801.168217, 63
1728540801.180025, 63
1728540801.191749, 63
1728540801.203526, 62
1728540801.216744, 62
1728540801.230709, 63
1728540801.243957, 63
1728540801.256061, 62
1728540801.268004, 62
1728540801.279880, 63
1728540801.293001, 64
1728540801.308872, 63
1728540801.322612, 63
1728540801.334421, 63
1728540801.346857, 63
1728540801.358666, 64
1728540801.371480, 64
1728540801.385247, 64
1728540801.399456, 64
1728540801.413155, 64
1728540801.424927, 64
1728540801.436508, 63
1728540801.448586, 63
1728540801.461203, 63
1728540801.474916, 63
1728540801.490806, 62
1728540801.507011, 64
1728540801.523403, 63
1728540801.541383, 63
1728540801.556395, 65
1728540801.574552, 65
1728540801.589236, 64
1728540801.601241, 65
1728540801.613266, 64
1728540801.625809, 65
1728540801.639346, 65
1728540801.653037, 65
1728540801.664889, 65
1728540801.676646, 64
1728540801.688403, 64
1728540801.700973, 63
1728540801.718224, 66
1728540801.730973, 64
1728540801.744123, 65
1728540801.759134, 65
1728540801.771849, 65
1728540801.783709, 65
1728540801.795496, 65
1728540801.809632, 64
1728540801.822035, 65
1728540801.833733, 66
1728540801.845476, 67
1728540801.857405, 65
1728540801.869181, 65
1728540801.882700, 66
1728540801.896943, 66
1728540801.908657, 66
1728540801.920410, 67
1728540801.932109, 66
1728540801.943913, 66
1728540801.958311, 66
1728540801.971920, 64
1728540801.983587, 66
1728540801.995238, 64
1728540802.006948, 64
1728540802.020862, 64
1728540802.036233, 65
1728540802.049566, 64
1728540802.062023, 64
1728540802.074840, 64
1728540802.093282, 66
1728540802.105071, 67
1728540802.116729, 67
1728540802.128434, 67
1728540802.141573, 66
1728540802.156593, 67
1728540802.168607, 67
1728540802.180202, 66
1728540802.192217, 67
1728540802.204139, 66
1728540802.216715, 66
1728540802.228301, 66
1728540802.239955, 66
1728540802.251569, 67
1728540802.263134, 66
1728540802.277596, 66
1728540802.291119, 66
1728540802.305008, 66
1728540802.316857, 64
1728540802.331899, 65
1728540802.352041, 65
1728540802.367385, 65
1728540802.383243, 67
1728540802.397687, 66
1728540802.409554, 68
1728540802.421351, 68
1728540802.433113, 67
1728540802.446246, 67
1728540802.460265, 67
1728540802.472881, 68
1728540802.486268, 68
1728540802.498011, 67
1728540802.509850, 67
1728540802.521681, 67
1728540802.533915, 66
1728540802.548432, 66
1728540802.560240, 66
1728540802.572052, 66
1728540802.584783, 65
1728540802.597427, 65
1728540802.609947, 67
1728540802.625536, 66
1728540802.640924, 67
1728540802.658731, 67
1728540802.670728, 68
1728540802.682518, 68
1728540802.694498, 68
1728540802.707123, 67
1728540802.719694, 69
1728540802.731345, 67
1728540802.742959, 68
1728540802.755067, 68
1728540802.768943, 68
1728540802.782778, 69
1728540802.796600, 69
1728540802.808630, 67
1728540802.823966, 67
1728540802.839230, 68
1728540802.850935, 67
1728540802.862995, 67
1728540802.874891, 66
1728540802.886620, 67
1728540802.903758, 68
1728540802.915938, 67
1728540802.930185, 67
1728540802.946141, 68
1728540802.958937, 68
1728540802.970531, 69
1728540802.982306, 68
1728540802.993880, 69
1728540803.007604, 69
1728540803.020192, 68
1728540803.032811, 69
1728540803.048410, 69
1728540803.064441, 68
1728540803.079333, 68
1728540803.091071, 68
1728540803.102815, 68
1728540803.114898, 67
1728540803.127071, 67
1728540803.141116, 68
1728540803.153036, 68
1728540803.166128, 68
1728540803.177806, 68
1728540803.189483, 68
1728540803.201903, 68
1728540803.214959, 69
1728540803.230878, 70
1728540803.246425, 69
1728540803.258094, 70
1728540803.270334, 67
1728540803.283251, 68
1728540803.300173, 69
1728540803.315931, 70
1728540803.330873, 70
1728540803.351914, 69
1728540803.370762, 69
1728540803.382541, 71
1728540803.394153, 69
1728540803.405777, 69
1728540803.419705, 69
1728540803.431983, 69
1728540803.446437, 69
1728540803.461585, 68
1728540803.478081, 68
1728540803.493571, 69
1728540803.509007, 70
1728540803.525339, 71
1728540803.537042, 71
1728540803.548970, 71
1728540803.561436, 69
1728540803.576042, 71
1728540803.589943, 71
1728540803.605045, 70
1728540803.620590, 70
1728540803.634032, 71
1728540803.648235, 73
1728540803.666660, 72
1728540803.680090, 71
1728540803.691729, 73
1728540803.703586, 72
1728540803.716001, 70
1728540803.728572, 71
1728540803.742743, 71
1728540803.755193, 70
1728540803.768656, 71
1728540803.783617, 70
1728540803.796321, 71
1728540803.808519, 71
1728540803.820339, 71
1728540803.833403, 70
1728540803.845236, 71
1728540803.859110, 71
1728540803.874013, 70
1728540803.885730, 71
1728540803.897546, 71
1728540803.909344, 71
1728540803.922569, 72
1728540803.935515, 71
1728540803.948421, 71
1728540803.963727, 71
1728540803.978850, 70
1728540803.990479, 71
1728540804.002156, 70
1728540804.013962, 70
1728540804.027761, 71
1728540804.041730, 71
1728540804.055523, 70
1728540804.068606, 71
1728540804.083571, 70
1728540804.096457, 71
1728540804.110178, 72
1728540804.128818, 71
1728540804.142089, 73
1728540804.154041, 72
1728540804.166356, 72
1728540804.179973, 71
1728540804.192690, 72
1728540804.206331, 72
1728540804.220699, 72
1728540804.234116, 71
1728540804.246252, 72
1728540804.260622, 72
1728540804.272301, 72
1728540804.289972, 73
1728540804.311881, 71
1728540804.329068, 71
1728540804.341261, 72
1728540804.353668, 71
1728540804.366018, 71
1728540804.379270, 71
1728540804.394132, 72
1728540804.406336, 72
1728540804.419184, 73
1728540804.431231, 72
1728540804.445900, 72
1728540804.461071, 73
1728540804.477561, 72
1728540804.489411, 73
1728540804.501406, 74
1728540804.513901, 73
1728540804.528704, 74
1728540804.542844, 73
1728540804.555817, 72
1728540804.567728, 72
1728540804.579510, 72
1728540804.591474, 73
1728540804.603795, 72
1728540804.619416, 72
1728540804.636922, 71
1728540804.654517, 71
1728540804.667141, 72
1728540804.679416, 71
1728540804.691094, 72
1728540804.704852, 73
1728540804.717476, 72
1728540804.737355, 74
1728540804.750389, 74
1728540804.763264, 72
1728540804.775544, 74
1728540804.788531, 72
1728540804.802140, 72
1728540804.814162, 73
1728540804.826154, 73
1728540804.839565, 74
1728540804.854184, 73
1728540804.868706, 73
1728540804.882798, 73
1728540804.895842, 74
1728540804.907893, 72
1728540804.920111, 72
1728540804.931981, 72
1728540804.945744, 73
1728540804.958308, 73
1728540804.973116, 72
1728540804.992399, 74
1728540805.006572, 73
1728540805.019904, 73
1728540805.036271, 74
1728540805.052448, 76
1728540805.064326, 75
1728540805.076386, 74
1728540805.088296, 74
1728540805.101737, 74
1728540805.116283, 75
1728540805.129666, 75
1728540805.145951, 75
1728540805.158763, 74
1728540805.171549, 75
1728540805.183504, 74
1728540805.196046, 75
1728540805.211140, 73
1728540805.225414, 73
1728540805.237046, 73
1728540805.248731, 74
1728540805.260411, 75
1728540805.272269, 74
1728540805.284436, 75
1728540805.297135, 74
1728540805.311312, 73
1728540805.323048, 74
1728540805.339169, 76
1728540805.351130, 75
1728540805.363416, 75
1728540805.375916, 74
1728540805.389583, 76
1728540805.404278, 74
1728540805.419140, 74
1728540805.430937, 74
1728540805.442806, 75
1728540805.454894, 75
1728540805.467381, 75
1728540805.480151, 75
1728540805.491994, 76
1728540805.504655, 76
1728540805.516469, 74
1728540805.528374, 74
1728540805.540594, 74
1728540805.557639, 74
1728540805.572493, 73
1728540805.585248, 74
1728540805.596927, 74
1728540805.608814, 75
1728540805.621356, 73
1728540805.636702, 75
1728540805.651541, 75
1728540805.665365, 75
1728540805.678377, 76
1728540805.690392, 75
1728540805.702418, 76
1728540805.715433, 77
1728540805.730076, 76
1728540805.744050, 76
1728540805.756052, 76
1728540805.767875, 76
1728540805.779662, 76
1728540805.791506, 76
1728540805.803429, 75
1728540805.815227, 74
1728540805.827401, 76
1728540805.839267, 75
1728540805.852019, 75
1728540805.863925, 75
1728540805.876412, 75
1728540805.888312, 76
1728540805.899977, 74
1728540805.911707, 74
1728540805.924578, 75
1728540805.937063, 76
1728540805.952613, 76
1728540805.967513, 75
1728540805.982733, 77
1728540805.996447, 76
1728540806.008140, 77
1728540806.019901, 76
1728540806.031654, 77
1728540806.044647, 77
1728540806.058912, 77
1728540806.075004, 76
1728540806.089520, 77
1728540806.101244, 76
1728540806.112920, 77
1728540806.125525, 76
1728540806.138911, 76
1728540806.152534, 76
1728540806.164732, 77
1728540806.178725, 77
1728540806.190565, 76
1728540806.202438, 75
1728540806.214226, 75
1728540806.227442, 76
1728540806.239591, 76
1728540806.253436, 77
1728540806.265207, 76
1728540806.276899, 77
1728540806.288485, 78
1728540806.301639, 77
1728540806.313891, 76
1728540806.330328, 78
1728540806.347415, 78
1728540806.362025, 77
1728540806.374487, 78
1728540806.386434, 77
1728540806.398221, 78
1728540806.411257, 78
1728540806.423065, 75
1728540806.437116, 77
1728540806.450201, 77
1728540806.462049, 77
1728540806.473932, 76
1728540806.486217, 77
1728540806.498973, 77
1728540806.518511, 78
1728540806.531119, 77
1728540806.548486, 77
1728540806.563237, 79
1728540806.579319, 79
1728540806.592934, 78
1728540806.604729, 78
1728540806.616532, 78
1728540806.630676, 78
1728540806.642898, 78
1728540806.658115, 78
1728540806.671122, 79
1728540806.682920, 79
1728540806.696018, 78
1728540806.707902, 78
1728540806.719793, 79
1728540806.733847, 77
1728540806.749527, 77
1728540806.765227, 78
1728540806.779859, 78
1728540806.791500, 78
1728540806.803290, 77
1728540806.814967, 76
1728540806.828595, 78
1728540806.842575, 78
1728540806.856461, 79
1728540806.869204, 78
1728540806.882875, 78
1728540806.896733, 79
1728540806.908845, 80
1728540806.920551, 79
1728540806.932366, 78
1728540806.946998, 80
1728540806.959364, 77
1728540806.973294, 77
1728540806.989197, 77
1728540807.004685, 77
1728540807.016800, 78
1728540807.029034, 78
1728540807.041997, 77
1728540807.054052, 76
1728540807.070788, 77
1728540807.082983, 76
1728540807.097264, 76
1728540807.108922, 76
1728540807.120940, 76
1728540807.132661, 76
1728540807.145900, 76
1728540807.157915, 76
1728540807.169729, 75
1728540807.181466, 76
1728540807.193405, 75
1728540807.206572, 76
1728540807.218897, 74
1728540807.232877, 74
1728540807.244637, 74
1728540807.256382, 74
1728540807.268148, 73
1728540807.281376, 72
1728540807.293844, 71
1728540807.308830, 72
1728540807.321680, 72
1728540807.333445, 72
1728540807.345174, 72
1728540807.357177, 67
1728540807.373188, 65
1728540807.385487, 58
1728540807.399623, 53
1728540807.415727, 47
1728540807.429576, 43
1728540807.441408, 39
1728540807.453350, 36
1728540807.465723, 37
1728540807.480177, 37
1728540807.491938, 38
1728540807.505996, 36
1728540807.521055, 36
1728540807.532951, 38
1728540807.544863, 35
1728540807.556472, 37
1728540807.569793, 37
1728540807.581496, 36
1728540807.593363, 36
1728540807.605197, 36
1728540807.618160, 36
1728540807.629972, 36
1728540807.645322, 37
1728540807.657727, 35
1728540807.670393, 36
1728540807.682052, 35
1728540807.693734, 37
1728540807.708261, 39
1728540807.722457, 38
1728540807.736326, 39
1728540807.750321, 39
1728540807.762578, 39
1728540807.777394, 37
1728540807.789078, 37
1728540807.800759, 37
1728540807.812516, 37
1728540807.825023, 38
1728540807.838861, 37
1728540807.852762, 37
1728540807.867591, 37
1728540807.881481, 38
1728540807.893898, 36
1728540807.911490, 41
1728540807.924597, 39
1728540807.939927, 40
1728540807.953809, 39
1728540807.969009, 40
1728540807.981732, 39
1728540807.993480, 39
1728540808.005537, 39
1728540808.017279, 38
1728540808.030785, 38
1728540808.043874, 40
1728540808.058649, 39
1728540808.074740, 39
1728540808.090509, 39
1728540808.102263, 39
1728540808.113905, 37
1728540808.125532, 38
1728540808.138151, 40
1728540808.150220, 39
1728540808.165161, 40
1728540808.180110, 39
1728540808.196718, 41
1728540808.209114, 40
1728540808.221095, 38
1728540808.233258, 39
1728540808.245777, 40
1728540808.263244, 39
1728540808.278209, 40
1728540808.289999, 40
1728540808.301804, 41
1728540808.313576, 40
1728540808.326401, 41
1728540808.339254, 40
1728540808.353967, 40
1728540808.372235, 42
1728540808.384127, 41
1728540808.398427, 41
1728540808.412278, 40
1728540808.424022, 41
1728540808.435731, 41
1728540808.448497, 41
1728540808.462036, 40
1728540808.476970, 41
1728540808.490259, 40
1728540808.507683, 40
1728540808.524166, 41
1728540808.537402, 41
1728540808.549086, 40
1728540808.560736, 41
1728540808.574117, 41
1728540808.587919, 42
1728540808.600687, 43
1728540808.613413, 42
1728540808.626644, 43
1728540808.639042, 41
1728540808.650871, 41
1728540808.663921, 41
1728540808.679255, 41
1728540808.691511, 41
1728540808.703345, 41
1728540808.715037, 41
1728540808.729097, 41
1728540808.746582, 42
1728540808.759169, 43
1728540808.771100, 41
1728540808.782876, 42
1728540808.795088, 42
1728540808.810015, 44
1728540808.828658, 43
1728540808.842492, 42
1728540808.856411, 44
1728540808.870256, 44
1728540808.883102, 41
1728540808.896311, 42
1728540808.911889, 42
1728540808.923674, 42
1728540808.935486, 43
1728540808.947242, 43
1728540808.959705, 43
1728540808.972036, 42
1728540808.984883, 42
1728540808.999576, 43
1728540809.011433, 43
1728540809.023267, 43
1728540809.036841, 43
1728540809.050301, 44
1728540809.064652, 45
1728540809.076407, 45
1728540809.088166, 45
1728540809.100005, 44
1728540809.111784, 44
1728540809.123659, 44
1728540809.135289, 44
1728540809.146942, 43
1728540809.158805, 43
1728540809.171474, 43
1728540809.185625, 43
1728540809.198453, 42
1728540809.210188, 42
1728540809.222102, 44
1728540809.233935, 45
1728540809.249284, 44
1728540809.264652, 46
1728540809.279556, 45
1728540809.292247, 44
1728540809.304033, 45
1728540809.315741, 45
1728540809.328142, 46
1728540809.342427, 45
1728540809.358353, 44
1728540809.371330, 43
1728540809.383616, 44
1728540809.395299, 44
1728540809.406893, 45
1728540809.420553, 46
1728540809.434418, 43
1728540809.451160, 44
1728540809.466728, 46
1728540809.478640, 46
1728540809.491372, 47
1728540809.503165, 45
1728540809.514803, 45
1728540809.531327, 45
1728540809.544854, 45
1728540809.557870, 45
1728540809.569714, 45
1728540809.581687, 44
1728540809.593422, 45
1728540809.605675, 45
1728540809.619549, 45
1728540809.633838, 46
1728540809.650146, 45
1728540809.664043, 46
1728540809.676544, 45
1728540809.689617, 45
1728540809.701623, 45
1728540809.714142, 44
1728540809.755197, 47
1728540809.769207, 47
1728540809.780878, 47
1728540809.793776, 47
1728540809.805525, 46
1728540809.817225, 46
1728540809.828915, 45
1728540809.845381, 45
1728540809.859415, 46
1728540809.871604, 47
1728540809.883244, 47
1728540809.895195, 47
1728540809.908077, 47
1728540809.919876, 45
1728540809.933967, 47
1728540809.947732, 47
1728540809.959448, 47
1728540809.971158, 47
1728540809.984601, 47
1728540809.998490, 48
1728540810.011968, 47
1728540810.024970, 48
1728540810.039895, 47
1728540810.055379, 46
1728540810.067322, 46
1728540810.078999, 47
1728540810.091133, 47
1728540810.103296, 47
1728540810.117583, 47
1728540810.129231, 48
1728540810.141627, 48
1728540810.153530, 48
1728540810.167198, 48
1728540810.178854, 48
1728540810.192851, 48
1728540810.212604, 47
1728540810.228174, 49
1728540810.242851, 48
1728540810.254732, 48
1728540810.266624, 47
1728540810.278288, 47
1728540810.291399, 49
1728540810.305223, 48
1728540810.316844, 48
1728540810.328577, 48
1728540810.340241, 48
1728540810.352073, 47
1728540810.364423, 47
1728540810.376141, 48
1728540810.387922, 47
1728540810.399535, 48
1728540810.411256, 47
1728540810.423154, 48
1728540810.436402, 50
1728540810.450216, 49
1728540810.462513, 50
1728540810.481848, 50
1728540810.494104, 49
1728540810.506398, 48
1728540810.518232, 50
1728540810.530031, 51
1728540810.542638, 49
1728540810.556673, 48
1728540810.568340, 49
1728540810.586828, 48
1728540810.602771, 50
1728540810.619602, 49
1728540810.631306, 49
1728540810.643168, 49
1728540810.655099, 49
1728540810.669263, 51
1728540810.683274, 50
1728540810.694972, 49
1728540810.706830, 51
1728540810.719052, 51
1728540810.730996, 50
1728540810.744506, 51
1728540810.761389, 50
1728540810.774404, 51
1728540810.787673, 50
1728540810.799329, 48
1728540810.811273, 51
1728540810.823209, 49
1728540810.835130, 50
1728540810.849561, 51
1728540810.861711, 50
1728540810.874890, 49
1728540810.886813, 51
1728540810.898482, 50
1728540810.910074, 51
1728540810.922818, 51
1728540810.935832, 50
1728540810.954188, 52
1728540810.968058, 51
1728540810.980625, 51
1728540810.993580, 51
1728540811.005445, 52
1728540811.017194, 51
1728540811.029663, 50
1728540811.042029, 51
1728540811.056731, 51
1728540811.068597, 50
1728540811.082373, 52
1728540811.094127, 50
1728540811.105733, 50
1728540811.118971, 51
1728540811.132806, 51
1728540811.147055, 51
1728540811.161103, 52
1728540811.175432, 51
1728540811.188493, 53
1728540811.204547, 52
1728540811.217936, 52
1728540811.229612, 51
1728540811.241503, 51
1728540811.253196, 53
1728540811.264956, 52
1728540811.278361, 52
1728540811.291093, 52
1728540811.303035, 53
1728540811.315058, 53
1728540811.327441, 51
1728540811.340014, 52
1728540811.351663, 51
1728540811.365647, 51
1728540811.377401, 51
1728540811.389239, 51
1728540811.400858, 51
1728540811.413379, 53
1728540811.425019, 52
1728540811.436783, 53
1728540811.448614, 53
1728540811.460454, 52
1728540811.472779, 54
1728540811.488359, 53
1728540811.500134, 53
1728540811.511921, 52
1728540811.523586, 52
1728540811.537870, 52
1728540811.550133, 53
1728540811.562823, 51
1728540811.574502, 52
1728540811.586139, 53
1728540811.597960, 53
1728540811.609826, 52
1728540811.622835, 52
1728540811.635634, 52
1728540811.647434, 53
1728540811.659463, 52
1728540811.671350, 54
1728540811.687057, 54
1728540811.702255, 53
1728540811.716388, 54
1728540811.728104, 54
1728540811.740418, 55
1728540811.752941, 53
1728540811.765814, 55
1728540811.780137, 55
1728540811.793250, 53
1728540811.806336, 53
1728540811.822114, 52
1728540811.837997, 53
1728540811.849656, 52
1728540811.861421, 51
1728540811.873475, 54
1728540811.887427, 56
1728540811.899939, 54
1728540811.912611, 53
1728540811.924278, 54
1728540811.937352, 54
1728540811.950900, 53
1728540811.963861, 54
1728540811.976656, 55
1728540811.988499, 55
1728540812.000249, 53
1728540812.012274, 54
1728540812.024007, 53
1728540812.039481, 54
1728540812.053975, 53
1728540812.065762, 53
1728540812.077629, 54
1728540812.090518, 55
1728540812.104455, 55
1728540812.116862, 54
1728540812.131025, 53
1728540812.142626, 55
1728540812.154295, 54
1728540812.166628, 55
1728540812.180244, 55
1728540812.192293, 55
1728540812.203932, 56
1728540812.222416, 56
1728540812.238097, 55
1728540812.249731, 55
1728540812.261509, 56
1728540812.273407, 56
1728540812.287564, 56
1728540812.299428, 55
1728540812.313429, 54
1728540812.328486, 55
1728540812.340340, 56
1728540812.351963, 54
1728540812.363558, 55
1728540812.375788, 55
1728540812.390167, 55
1728540812.404556, 56
1728540812.419019, 55
1728540812.430951, 55
1728540812.442623, 57
1728540812.455557, 56
1728540812.467777, 55
1728540812.481623, 57
1728540812.493268, 56
1728540812.504886, 55
1728540812.516494, 55
1728540812.529876, 56
1728540812.544569, 57
1728540812.559199, 56
1728540812.583589, 55
1728540812.599842, 55
1728540812.617892, 55
1728540812.631904, 54
1728540812.643729, 55
1728540812.655484, 54
1728540812.667138, 55
1728540812.680766, 57
1728540812.694818, 56
1728540812.707111, 57
1728540812.727496, 57
1728540812.739804, 57
1728540812.752442, 57
1728540812.764248, 57
1728540812.776091, 57
1728540812.788180, 56
1728540812.802118, 58
1728540812.815746, 57
1728540812.828410, 58
1728540812.841409, 58
1728540812.853224, 56
1728540812.865043, 57
1728540812.876656, 57
1728540812.888421, 55
1728540812.904014, 56
1728540812.919317, 56
1728540812.934579, 56
1728540812.946292, 56
1728540812.958153, 57
1728540812.970078, 59
1728540812.981866, 59
1728540812.995567, 58
1728540813.010922, 58
1728540813.025347, 59
1728540813.038470, 59
1728540813.050196, 58
1728540813.061971, 58
1728540813.073855, 58
1728540813.088178, 58
1728540813.101379, 57
1728540813.113410, 57
1728540813.125080, 57
1728540813.138562, 58
1728540813.150704, 58
1728540813.167240, 58
1728540813.179965, 57
1728540813.191741, 57
1728540813.203739, 56
1728540813.216506, 57
1728540813.228614, 57
1728540813.240372, 58
1728540813.252070, 58
1728540813.263957, 58
1728540813.276551, 60
1728540813.288762, 58
1728540813.303926, 59
1728540813.317352, 59
1728540813.329137, 59
1728540813.341542, 60
1728540813.353308, 60
1728540813.365090, 59
1728540813.377788, 58
1728540813.390790, 58
1728540813.402491, 58
1728540813.414629, 58
1728540813.426433, 59
1728540813.439995, 59
1728540813.453738, 59
1728540813.465832, 59
1728540813.477641, 60
1728540813.491498, 60
1728540813.503414, 58
1728540813.518873, 60
1728540813.533365, 60
1728540813.548913, 59
1728540813.563595, 58
1728540813.575629, 60
1728540813.587420, 60
1728540813.599578, 61
1728540813.613979, 60
1728540813.629013, 59
1728540813.641199, 59
1728540813.653138, 59
1728540813.665539, 59
1728540813.677595, 59
1728540813.691465, 60
1728540813.707048, 60
1728540813.721090, 60
1728540813.736040, 61
1728540813.751134, 61
1728540813.762820, 60
1728540813.774695, 60
1728540813.786445, 61
1728540813.798225, 61
1728540813.811671, 61
1728540813.827672, 60
1728540813.843049, 61
1728540813.854641, 60
1728540813.866384, 60
1728540813.877989, 60
1728540813.891979, 59
1728540813.905372, 60
1728540813.917652, 60
1728540813.929315, 61
1728540813.941013, 59
1728540813.952625, 59
1728540813.965149, 61
1728540813.978903, 61
1728540813.993039, 60
1728540814.007930, 59
1728540814.019576, 61
1728540814.031257, 60
1728540814.042887, 61
1728540814.056945, 62
1728540814.070858, 61
1728540814.084315, 62
1728540814.096204, 62
1728540814.107926, 62
1728540814.120219, 61
1728540814.132063, 61
1728540814.145774, 61
1728540814.159909, 61
1728540814.173759, 61
1728540814.185354, 59
1728540814.201074, 59
1728540814.212728, 61
1728540814.224401, 59
1728540814.236037, 59
1728540814.248874, 59
1728540814.262902, 62
1728540814.278294, 63
1728540814.291338, 62
1728540814.304187, 62
1728540814.316016, 63
1728540814.328213, 62
1728540814.339947, 62
1728540814.352045, 61
1728540814.366146, 62
1728540814.378084, 63
1728540814.393544, 62
1728540814.407667, 62
1728540814.419374, 61
1728540814.431086, 60
1728540814.442860, 61
1728540814.456404, 62
1728540814.468507, 61
1728540814.483899, 61
1728540814.495524, 62
1728540814.507115, 61
1728540814.518730, 61
1728540814.530948, 60
1728540814.548038, 62
1728540814.560992, 62
1728540814.574157, 62
1728540814.586001, 61
1728540814.597613, 64
1728540814.609497, 64
1728540814.621749, 64
1728540814.637546, 64
1728540814.652849, 63
1728540814.664650, 64
1728540814.676401, 64
1728540814.688090, 64
1728540814.699932, 62
1728540814.712452, 62
1728540814.725298, 62
1728540814.737098, 63
1728540814.749049, 62
1728540814.761053, 62
1728540814.774545, 62
1728540814.788184, 63
1728540814.803482, 63
1728540814.817184, 63
1728540814.829088, 64
1728540814.840918, 64
1728540814.853437, 63
1728540814.865693, 64
1728540814.881304, 63
1728540814.899005, 63
1728540814.912286, 65
1728540814.925507, 64
1728540814.937287, 65
1728540814.949074, 64
1728540814.961314, 64
1728540814.973859, 64
1728540814.987938, 64
1728540815.000683, 63
1728540815.012483, 64
1728540815.024317, 63
1728540815.036010, 63
1728540815.050003, 63
1728540815.063764, 64
1728540815.076184, 63
1728540815.092233, 65
1728540815.106801, 64
1728540815.124132, 64
1728540815.139960, 64
1728540815.153582, 65
1728540815.165594, 64
1728540815.177703, 65
1728540815.189575, 65
1728540815.203952, 65
1728540815.216887, 64
1728540815.229017, 65
1728540815.240834, 62
1728540815.252900, 63
1728540815.265640, 65
1728540815.280436, 64
1728540815.295253, 64
1728540815.309849, 65
1728540815.322827, 64
1728540815.334642, 65
1728540815.346255, 64
1728540815.359254, 65
1728540815.372622, 65
1728540815.387508, 66
1728540815.401376, 65
1728540815.413262, 65
1728540815.425405, 66
1728540815.437173, 66
1728540815.450200, 66
1728540815.462583, 65
1728540815.478543, 67
1728540815.494060, 66
1728540815.505731, 66
1728540815.517728, 65
1728540815.529483, 65
1728540815.542494, 64
1728540815.556313, 65
1728540815.569748, 64
1728540815.584738, 64
1728540815.599934, 65
1728540815.614659, 65
1728540815.626578, 65
1728540815.638527, 66
1728540815.650289, 67
1728540815.662415, 67
1728540815.677897, 66
1728540815.697088, 67
1728540815.711363, 69
1728540815.740126, 67
1728540815.751816, 67
1728540815.765069, 65
1728540815.777112, 67
1728540815.789453, 67
1728540815.801131, 66
1728540815.814374, 66
1728540815.828297, 66
1728540815.841235, 66
1728540815.854187, 66
1728540815.873918, 66
1728540815.886829, 65
1728540815.901649, 65
1728540815.917197, 65
1728540815.935261, 65
1728540815.949182, 67
1728540815.960836, 67
1728540815.972611, 67
1728540815.984493, 66
1728540815.996355, 66
1728540816.009535, 67
1728540816.024620, 67
1728540816.040377, 68
1728540816.054955, 67
1728540816.068150, 68
1728540816.079799, 68
1728540816.091515, 66
1728540816.103807, 66
1728540816.116052, 67
1728540816.131046, 66
1728540816.142687, 67
1728540816.154578, 67
1728540816.166614, 67
1728540816.180200, 66
1728540816.195423, 66
1728540816.207408, 67
1728540816.219053, 68
1728540816.230669, 68
1728540816.242747, 68
1728540816.256128, 67
1728540816.272683, 68
1728540816.286685, 67
1728540816.301025, 67
1728540816.313858, 67
1728540816.327048, 68
1728540816.343647, 68
1728540816.355448, 69
1728540816.367268, 68
1728540816.379167, 68
1728540816.391765, 67
1728540816.405822, 67
1728540816.420025, 68
1728540816.434757, 68
1728540816.447994, 67
1728540816.459921, 68
1728540816.473728, 68
1728540816.485413, 68
1728540816.497003, 67
1728540816.508606, 68
1728540816.520851, 69
1728540816.533694, 69
1728540816.548649, 69
1728540816.562953, 69
1728540816.575825, 68
1728540816.587488, 68
1728540816.599249, 69
1728540816.611545, 69
1728540816.628663, 68
1728540816.643915, 69
1728540816.655811, 68
1728540816.668787, 67
1728540816.680806, 69
1728540816.693310, 68
1728540816.705659, 67
1728540816.722307, 69
1728540816.735842, 68
1728540816.748552, 69
1728540816.760333, 68
1728540816.772338, 69
1728540816.784874, 69
1728540816.798306, 70
1728540816.814526, 69
1728540816.826468, 69
1728540816.838243, 69
1728540816.850132, 69
1728540816.863452, 70
1728540816.875282, 70
1728540816.886987, 70
1728540816.898700, 67
1728540816.910563, 70
1728540816.923044, 70
1728540816.936808, 70
1728540816.952100, 71
1728540816.963864, 69
1728540816.977140, 69
1728540816.988801, 68
1728540817.000822, 70
1728540817.014567, 69
1728540817.027351, 69
1728540817.042330, 69
1728540817.057034, 68
1728540817.070092, 70
1728540817.081786, 72
1728540817.093792, 71
1728540817.105710, 71
1728540817.119239, 70
1728540817.134908, 71
1728540817.151975, 70
1728540817.167704, 71
1728540817.183311, 71
1728540817.197881, 70
1728540817.214043, 70
1728540817.226653, 71
1728540817.239812, 70
1728540817.251646, 70
1728540817.263685, 69
1728540817.276200, 70
1728540817.290681, 71
1728540817.302360, 70
1728540817.314780, 70
1728540817.326627, 70
1728540817.338550, 70
1728540817.351150, 70
1728540817.363729, 70
1728540817.375450, 70
1728540817.387196, 71
1728540817.398949, 72
1728540817.412369, 72
1728540817.426117, 70
1728540817.438779, 70
1728540817.453325, 71
1728540817.469929, 72
1728540817.486357, 71
1728540817.501489, 72
1728540817.515073, 71
1728540817.526870, 70
1728540817.538640, 70
1728540817.550967, 71
1728540817.563491, 70
1728540817.577971, 70
1728540817.589718, 71
1728540817.601589, 71
1728540817.613235, 70
1728540817.626700, 69
1728540817.641158, 72
1728540817.654280, 72
1728540817.671780, 73
1728540817.685833, 71
1728540817.699737, 72
1728540817.712988, 72
1728540817.725132, 71
1728540817.736955, 73
1728540817.749561, 71
1728540817.761407, 72
1728540817.774347, 71
1728540817.788943, 71
1728540817.800614, 70
1728540817.812271, 72
1728540817.823966, 72
1728540817.836169, 72
1728540817.849040, 72
1728540817.862938, 71
1728540817.877131, 71
1728540817.891057, 72
1728540817.904845, 72
1728540817.917222, 71
1728540817.929986, 70
1728540817.941730, 72
1728540817.953583, 71
1728540817.965294, 72
1728540817.977821, 72
1728540817.994607, 73
1728540818.008483, 73
1728540818.020286, 72
1728540818.032212, 73
1728540818.043900, 71
1728540818.055521, 72
1728540818.068448, 72
1728540818.080324, 74
1728540818.096270, 72
1728540818.107934, 73
1728540818.119657, 71
1728540818.131590, 70
1728540818.144164, 73
1728540818.157353, 71
1728540818.174682, 73
1728540818.188784, 71
1728540818.200382, 73
1728540818.216643, 71
1728540818.228787, 73
1728540818.240484, 72
1728540818.252167, 73
1728540818.265298, 73
1728540818.281794, 73
1728540818.295730, 73
1728540818.309865, 74
1728540818.323684, 74
1728540818.336602, 73
1728540818.349787, 73
1728540818.361363, 74
1728540818.373846, 74
1728540818.385549, 73
1728540818.397285, 73
1728540818.410694, 73
1728540818.423193, 74
1728540818.439603, 74
1728540818.451408, 73
1728540818.463245, 72
1728540818.474952, 72
1728540818.487624, 74
1728540818.502056, 72
1728540818.516597, 73
1728540818.530394, 73
1728540818.543120, 74
1728540818.556092, 73
1728540818.568798, 75
1728540818.580551, 74
1728540818.592113, 73
1728540818.604066, 74
1728540818.615934, 74
1728540818.632169, 75
1728540818.646864, 74
1728540818.662780, 75
1728540818.680024, 75
1728540818.692918, 75
1728540818.705018, 75
1728540818.720624, 74
1728540818.732696, 74
1728540818.744733, 74
1728540818.756493, 72
1728540818.768191, 73
1728540818.781492, 73
1728540818.796539, 75
1728540818.810560, 74
1728540818.824640, 74
1728540818.836267, 73
1728540818.851336, 74
1728540818.864630, 75
1728540818.876409, 74
1728540818.888453, 75
1728540818.902254, 76
1728540818.916003, 75
1728540818.933826, 74
1728540818.946158, 75
1728540818.960725, 75
1728540818.975802, 74
1728540818.988539, 75
1728540819.000501, 74
1728540819.012442, 75
1728540819.032970, 75
1728540819.045240, 75
1728540819.056931, 75
1728540819.068796, 74
1728540819.080991, 75
1728540819.093457, 74
1728540819.107139, 74
1728540819.121035, 74
1728540819.132701, 74
1728540819.144349, 73
1728540819.156003, 75
1728540819.169566, 75
1728540819.184264, 75
1728540819.198334, 75
1728540819.211902, 74
1728540819.224410, 76
1728540819.238452, 76
1728540819.250060, 76
1728540819.261910, 75
1728540819.273804, 75
1728540819.287740, 75
1728540819.299970, 76
1728540819.314348, 76
1728540819.326041, 76
1728540819.337819, 76
1728540819.349507, 74
1728540819.361537, 76
1728540819.378659, 75
1728540819.392464, 75
1728540819.406429, 74
1728540819.419726, 76
1728540819.433005, 74
1728540819.445544, 73
1728540819.457792, 75
1728540819.469705, 76
1728540819.484415, 74
1728540819.496537, 76
1728540819.508419, 77
1728540819.522728, 76
1728540819.537253, 76
1728540819.552529, 76
1728540819.564186, 77
1728540819.575788, 77
1728540819.587515, 77
1728540819.600000, 76
1728540819.613868, 77
1728540819.627286, 76
1728540819.639118, 77
1728540819.651073, 75
1728540819.662802, 76
1728540819.674486, 76
1728540819.688632, 77
1728540819.703821, 76
1728540819.716685, 76
1728540819.728429, 76
1728540819.740229, 75
1728540819.751911, 76
1728540819.766666, 76
1728540819.783524, 77
1728540819.797390, 76
1728540819.809128, 77
1728540819.820888, 78
1728540819.832597, 76
1728540819.844307, 76
1728540819.858749, 77
1728540819.874938, 77
1728540819.889972, 78
1728540819.902005, 78
1728540819.913734, 79
1728540819.925646, 77
1728540819.938156, 77
1728540819.953487, 78
1728540819.965136, 76
1728540819.980172, 77
1728540819.991849, 77
1728540820.003632, 77
1728540820.015558, 77
1728540820.029533, 77
1728540820.041873, 77
1728540820.054622, 76
1728540820.066551, 77
1728540820.078547, 79
1728540820.090533, 79
1728540820.104730, 79
1728540820.120794, 79
1728540820.132847, 79
1728540820.144606, 79
1728540820.156400, 78
1728540820.168511, 77
1728540820.181098, 79
1728540820.196737, 78
1728540820.211400, 77
1728540820.223337, 77
1728540820.235288, 77
1728540820.246982, 77
1728540820.260879, 78
1728540820.273972, 76
1728540820.287529, 77
1728540820.302545, 76
1728540820.318462, 77
1728540820.330133, 77
1728540820.341804, 76
1728540820.353610, 77
1728540820.365396, 77
1728540820.382091, 76
1728540820.396020, 78
1728540820.409231, 77
1728540820.421358, 77
1728540820.433001, 78
1728540820.444625, 79
1728540820.481653, 77
1728540820.493464, 77
1728540820.505978, 77
1728540820.517988, 76
1728540820.533051, 76
1728540820.548858, 73
1728540820.564578, 67
1728540820.576453, 61
1728540820.588432, 56
1728540820.600252, 51
1728540820.614981, 45
1728540820.628090, 39
1728540820.642200, 35
1728540820.654851, 34
1728540820.666654, 35
1728540820.678421, 35
1728540820.691108, 37
1728540820.703531, 37
1728540820.718862, 36
1728540820.732203, 35
1728540820.744137, 37
1728540820.755783, 37
1728540820.767756, 38
1728540820.780363, 36
1728540820.795729, 36
1728540820.808679, 37
1728540820.820417, 36
1728540820.842013, 38
1728540820.858279, 38
1728540820.874161, 39
1728540820.893640, 38
1728540820.908323, 37
1728540820.932844, 37
1728540820.944928, 38
1728540820.956865, 37
1728540820.969000, 38
1728540820.982280, 38
1728540820.996885, 38
1728540821.009620, 36
1728540821.021576, 37
1728540821.033414, 38
1728540821.046254, 38
1728540821.058732, 36
1728540821.074607, 37
1728540821.086285, 37
1728540821.097929, 38
1728540821.109687, 38
1728540821.121684, 37
1728540821.134859, 39
1728540821.149611, 38
1728540821.161271, 38
1728540821.172863, 38
1728540821.184664, 38
1728540821.197481, 38
1728540821.209897, 37
1728540821.225790, 38
1728540821.237508, 36
1728540821.249408, 38
1728540821.261144, 38
1728540821.274432, 38
1728540821.286899, 38
1728540821.299726, 38
1728540821.311665, 39
1728540821.323732, 38
1728540821.337545, 39
1728540821.349510, 39
1728540821.363396, 40
1728540821.376646, 39
1728540821.393425, 40
1728540821.407236, 39
1728540821.419084, 40
1728540821.431631, 39
1728540821.457318, 39
1728540821.473489, 39
1728540821.489666, 39
1728540821.501401, 40
1728540821.513397, 40
1728540821.525356, 39
1728540821.538507, 40
1728540821.551396, 40
1728540821.563456, 42
1728540821.575356, 41
1728540821.587217, 42
1728540821.600829, 41
1728540821.615828, 41
1728540821.628865, 41
1728540821.640596, 40
1728540821.652274, 40
1728540821.664163, 40
1728540821.680289, 40
1728540821.693808, 38
1728540821.706981, 40
1728540821.721730, 40
1728540821.738180, 41
1728540821.752697, 40
1728540821.764383, 40
1728540821.776032, 41
1728540821.787732, 42
1728540821.801997, 40
1728540821.816749, 42
1728540821.831055, 42
1728540821.845609, 41
1728540821.859480, 42
1728540821.873382, 41
1728540821.887514, 40
1728540821.901417, 41
1728540821.915207, 40
1728540821.927856, 40
1728540821.939917, 42
1728540821.951794, 41
1728540821.963433, 41
1728540821.975264, 41
1728540821.990221, 44
1728540822.002817, 42
1728540822.016813, 42
1728540822.044595, 42
1728540822.058210, 42
1728540822.077115, 42
1728540822.089089, 44
1728540822.100860, 40
1728540822.112631, 41
1728540822.124849, 42
1728540822.136982, 42
1728540822.154496, 42
1728540822.169860, 42
1728540822.184032, 42
1728540822.196728, 42
1728540822.208451, 42
1728540822.220067, 43
1728540822.232820, 43
1728540822.245553, 43
1728540822.258632, 43
1728540822.270419, 42
1728540822.282193, 43
1728540822.294065, 43
1728540822.306408, 43
1728540822.329888, 43
1728540822.343774, 43
1728540822.357583, 43
1728540822.371689, 43
1728540822.385708, 44
1728540822.399486, 43
1728540822.411143, 42
1728540822.422733, 43
1728540822.434671, 41
1728540822.446282, 44
1728540822.459215, 44
1728540822.473131, 45
1728540822.485415, 45
1728540822.498035, 44
1728540822.509655, 44
1728540822.522412, 44
1728540822.534080, 43
1728540822.547272, 44
1728540822.560586, 43
1728540822.574672, 45
1728540822.589286, 43
1728540822.601118, 44
1728540822.612884, 44
1728540822.625206, 44
1728540822.638841, 43
1728540822.652599, 44
1728540822.667557, 44
1728540822.681097, 45
1728540822.692852, 45
1728540822.704624, 46
1728540822.716567, 46
1728540822.730786, 45
1728540822.744699, 45
1728540822.757295, 46
1728540822.769899, 45
1728540822.786436, 44
1728540822.800815, 43
1728540822.812479, 44
1728540822.824452, 45
1728540822.836089, 45
1728540822.849200, 45
1728540822.863158, 45
1728540822.877019, 45
1728540822.891497, 45
1728540822.905535, 45
1728540822.917358, 46
1728540822.928955, 45
1728540822.940856, 45
1728540822.953223, 47
1728540822.966709, 46
1728540822.980709, 47
1728540822.994136, 46
1728540823.020746, 47
1728540823.032433, 44
1728540823.048520, 46
1728540823.065313, 46
1728540823.088984, 46
1728540823.104383, 46
1728540823.116727, 46
1728540823.129151, 45
1728540823.141410, 46
1728540823.156678, 47
1728540823.171226, 47
1728540823.182868, 46
1728540823.194455, 48
1728540823.206993, 46
1728540823.219961, 47
1728540823.233944, 47
1728540823.250013, 48
1728540823.263943, 47
1728540823.279290, 46
1728540823.291337, 47
1728540823.305246, 46
1728540823.316935, 47
1728540823.328731, 46
1728540823.340345, 46
1728540823.353829, 47
1728540823.366246, 46
1728540823.377928, 49
1728540823.389942, 47
1728540823.401594, 48
1728540823.415162, 48
1728540823.429099, 48
1728540823.441403, 48
1728540823.454966, 47
1728540823.473012, 48
1728540823.484837, 49
1728540823.496672, 47
1728540823.508476, 47
1728540823.520802, 47
1728540823.534016, 47
1728540823.545762, 46
1728540823.557624, 47
1728540823.569334, 48
1728540823.581552, 47
1728540823.596889, 48
1728540823.609930, 47
1728540823.621709, 48
1728540823.633521, 48
1728540823.646449, 48
1728540823.659968, 49
1728540823.673681, 49
1728540823.685361, 49
1728540823.697138, 48
1728540823.709042, 48
1728540823.722188, 50
1728540823.736036, 48
1728540823.748767, 47
1728540823.762148, 48
1728540823.776285, 48
1728540823.788189, 48
1728540823.800003, 48
1728540823.811831, 49
1728540823.823879, 49
1728540823.838404, 49
1728540823.854556, 49
1728540823.866250, 50
1728540823.877884, 49
1728540823.889478, 51
1728540823.902552, 50
1728540823.916590, 50
1728540823.930135, 50
1728540823.942374, 51
1728540823.958460, 50
1728540823.970140, 49
1728540823.981737, 49
1728540823.993732, 50
1728540824.007338, 49
1728540824.021404, 49
1728540824.035188, 50
1728540824.049172, 49
1728540824.061830, 49
1728540824.075254, 49
1728540824.086891, 50
1728540824.098611, 51
1728540824.111329, 51
1728540824.123186, 50
1728540824.135333, 51
1728540824.147949, 50
1728540824.160041, 50
1728540824.172388, 50
1728540824.184298, 50
1728540824.196862, 50
1728540824.212928, 51
1728540824.226833, 51
1728540824.240709, 50
1728540824.253670, 49
1728540824.266492, 49
1728540824.280706, 50
1728540824.294418, 50
1728540824.306154, 51
1728540824.317801, 50
1728540824.329766, 51
1728540824.342049, 52
1728540824.357426, 50
1728540824.369126, 52
1728540824.381040, 51
1728540824.392650, 51
1728540824.405778, 51
1728540824.422739, 53
1728540824.435034, 51
1728540824.452931, 53
1728540824.465075, 50
1728540824.478863, 50
1728540824.492935, 50
1728540824.504856, 52
1728540824.516904, 52
1728540824.528600, 50
1728540824.540658, 50
1728540824.554719, 52
1728540824.569861, 51
1728540824.582672, 52
1728540824.594711, 53
1728540824.607473, 52
1728540824.623459, 52
1728540824.637888, 53
1728540824.650730, 53
1728540824.662438, 52
1728540824.674133, 52
1728540824.686053, 53
1728540824.699901, 53
1728540824.713755, 53
1728540824.726439, 51
1728540824.740663, 52
1728540824.755979, 52
1728540824.770115, 52
1728540824.783350, 52
1728540824.795110, 52
1728540824.806933, 52
1728540824.818835, 52
1728540824.833421, 52
1728540824.847400, 53
1728540824.861353, 54
1728540824.875830, 53
1728540824.889546, 53
1728540824.901325, 53
1728540824.915034, 53
1728540824.927216, 54
1728540824.940172, 54
1728540824.954727, 54
1728540824.970111, 52
1728540824.984337, 52
1728540824.996057, 53
1728540825.007923, 53
1728540825.019946, 53
1728540825.032500, 53
1728540825.044207, 53
1728540825.055814, 51
1728540825.067599, 53
1728540825.082530, 53
1728540825.095730, 53
1728540825.107445, 54
1728540825.139943, 55
1728540825.154093, 55
1728540825.166260, 53
1728540825.178179, 56
1728540825.190103, 55
1728540825.202484, 55
1728540825.214217, 55
1728540825.226791, 53
1728540825.242226, 55
1728540825.253977, 54
1728540825.265738, 53
1728540825.279004, 52
1728540825.291797, 52
1728540825.305393, 53
1728540825.319187, 53
1728540825.330986, 53
1728540825.343203, 54
1728540825.354891, 53
1728540825.367458, 56
1728540825.379907, 54
1728540825.395105, 55
1728540825.410160, 56
1728540825.427350, 56
1728540825.439972, 56
1728540825.453043, 55
1728540825.464978, 55
1728540825.481636, 54
1728540825.495522, 55
1728540825.508325, 55
1728540825.520096, 55
1728540825.531801, 53
1728540825.543965, 54
1728540825.558261, 54
1728540825.569934, 54
1728540825.581657, 55
1728540825.593639, 53
1728540825.605332, 53
1728540825.618152, 54
1728540825.632506, 54
1728540825.647043, 56
1728540825.660483, 55
1728540825.677360, 57
1728540825.689608, 56
1728540825.705339, 55
1728540825.717155, 55
1728540825.728951, 56
1728540825.750090, 56
1728540825.761852, 57
1728540825.773477, 55
1728540825.785364, 56
1728540825.798499, 56
1728540825.812331, 55
1728540825.826134, 55
1728540825.838020, 55
1728540825.853945, 55
1728540825.867652, 55
1728540825.879262, 56
1728540825.890966, 55
1728540825.903087, 56
1728540825.915231, 57
1728540825.931900, 57
1728540825.946077, 56
1728540825.958880, 57
1728540825.974272, 58
1728540825.988441, 57
1728540826.000206, 57
1728540826.012006, 58
1728540826.023744, 58
1728540826.036379, 56
1728540826.049446, 55
1728540826.062465, 56
1728540826.074296, 56
1728540826.085961, 56
1728540826.100158, 56
1728540826.115531, 55
1728540826.130728, 56
1728540826.142618, 57
1728540826.156053, 57
1728540826.168034, 57
1728540826.179904, 58
1728540826.193149, 57
1728540826.208454, 56
1728540826.222115, 58
1728540826.233988, 58
1728540826.245703, 57
1728540826.257401, 57
1728540826.269807, 56
1728540826.284647, 57
1728540826.296448, 57
1728540826.311491, 57
1728540826.327287, 56
1728540826.339015, 57
1728540826.351332, 58
1728540826.363209, 58
1728540826.375724, 58
1728540826.389612, 57
1728540826.402064, 58
1728540826.422590, 59
1728540826.437597, 58
1728540826.451123, 59
1728540826.462907, 59
1728540826.474674, 59
1728540826.486773, 60
1728540826.498640, 59
1728540826.516684, 60
1728540826.530657, 59
1728540826.544487, 59
1728540826.556340, 57
1728540826.571089, 57
1728540826.584727, 57
1728540826.596584, 57
1728540826.608366, 58
1728540826.621112, 58
1728540826.635332, 59
1728540826.649143, 58
1728540826.663158, 58
1728540826.676843, 58
1728540826.691748, 59
1728540826.703541, 59
1728540826.715309, 60
1728540826.728248, 58
1728540826.741863, 59
1728540826.754947, 59
1728540826.768174, 58
1728540826.779878, 59
1728540826.791630, 58
1728540826.803258, 60
1728540826.815870, 60
1728540826.827478, 58
1728540826.839086, 58
1728540826.851491, 59
1728540826.863214, 58
1728540826.875166, 58
1728540826.888510, 59
1728540826.900595, 57
1728540826.912215, 59
1728540826.923931, 58
1728540826.936711, 60
1728540826.948718, 60
1728540826.962921, 60
1728540826.979140, 61
1728540826.993153, 61
1728540827.006798, 60
1728540827.020936, 60
1728540827.034918, 61
1728540827.051130, 61
1728540827.064364, 60
1728540827.076434, 60
1728540827.088248, 59
1728540827.100401, 59
1728540827.113003, 60
1728540827.127928, 59
1728540827.140349, 59
1728540827.152377, 60
1728540827.164219, 60
1728540827.176295, 59
1728540827.188003, 60
1728540827.203862, 60
1728540827.218730, 61
1728540827.230477, 59
1728540827.242207, 59
1728540827.254025, 61
1728540827.267205, 62
1728540827.281049, 62
1728540827.293396, 60
1728540827.308841, 62
1728540827.322887, 61
1728540827.338408, 61
1728540827.354207, 60
1728540827.367536, 60
1728540827.379288, 61
1728540827.391302, 61
1728540827.402900, 59
1728540827.415847, 60
1728540827.429511, 61
1728540827.444496, 60
1728540827.456329, 61
1728540827.468150, 60
1728540827.481905, 61
1728540827.493726, 61
1728540827.507818, 62
1728540827.519486, 60
1728540827.531349, 62
1728540827.543206, 62
1728540827.555577, 62
1728540827.571892, 62
1728540827.586006, 62
1728540827.598177, 62
1728540827.610608, 62
1728540827.622233, 62
1728540827.634172, 61
1728540827.646472, 62
1728540827.660302, 62
1728540827.674067, 62
1728540827.689462, 61
1728540827.701979, 61
1728540827.715141, 61
1728540827.727588, 62
1728540827.739431, 60
1728540827.751285, 61
1728540827.765149, 62
1728540827.781120, 63
1728540827.804437, 66
1728540827.818539, 64
1728540827.830687, 61
1728540827.846410, 63
1728540827.861530, 63
1728540827.879600, 63
1728540827.895198, 62
1728540827.907036, 62
1728540827.918871, 62
1728540827.930709, 62
1728540827.942512, 61
1728540827.956057, 62
1728540827.969988, 62
1728540827.982729, 63
1728540827.994455, 61
1728540828.006186, 61
1728540828.018790, 62
1728540828.031751, 63
1728540828.048120, 63
1728540828.062889, 64
1728540828.076287, 64
1728540828.088074, 64
1728540828.100165, 63
1728540828.112454, 62
1728540828.124544, 64
1728540828.138316, 64
1728540828.153318, 64
1728540828.165151, 64
1728540828.176979, 64
1728540828.188698, 64
1728540828.202296, 64
1728540828.216183, 63
1728540828.228749, 61
1728540828.242458, 63
1728540828.258393, 63
1728540828.271519, 62
1728540828.283471, 62
1728540828.295152, 63
1728540828.307029, 64
1728540828.323544, 65
1728540828.338206, 64
1728540828.351219, 64
1728540828.362885, 64
1728540828.374618, 62
1728540828.386477, 65
1728540828.400453, 64
1728540828.414414, 65
1728540828.428195, 65
1728540828.440826, 64
1728540828.454041, 64
1728540828.465727, 65
1728540828.477357, 64
1728540828.489978, 64
1728540828.502219, 64
1728540828.515301, 63
1728540828.529726, 64
1728540828.542384, 63
1728540828.554195, 63
1728540828.565849, 64
1728540828.578778, 64
1728540828.592149, 64
1728540828.603949, 65
1728540828.619590, 65
1728540828.631368, 64
1728540828.643306, 65
1728540828.655742, 65
1728540828.670704, 66
1728540828.686056, 66
1728540828.699785, 66
1728540828.711565, 66
1728540828.723554, 65
1728540828.735306, 66
1728540828.747095, 64
1728540828.760985, 64
1728540828.776659, 64
1728540828.788367, 65
1728540828.800128, 65
1728540828.811817, 65
1728540828.823554, 65
1728540828.837341, 65
1728540828.851157, 65
1728540828.865679, 64
1728540828.877401, 66
1728540828.889701, 65
1728540828.901459, 65
1728540828.913284, 67
1728540828.925166, 65
1728540828.938252, 66
1728540828.950056, 66
1728540828.962205, 65
1728540828.974298, 66
1728540828.988189, 68
1728540829.001309, 66
1728540829.014863, 67
1728540829.030182, 64
1728540829.044959, 65
1728540829.056763, 66
1728540829.068600, 65
1728540829.080331, 64
1728540829.092788, 66
1728540829.106255, 65
1728540829.120270, 65
1728540829.133656, 65
1728540829.145622, 66
1728540829.159088, 66
1728540829.171625, 67
1728540829.183473, 65
1728540829.197743, 66
1728540829.211984, 67
1728540829.224268, 66
1728540829.236297, 66
1728540829.248217, 67
1728540829.260104, 67
1728540829.274702, 67
1728540829.288859, 66
1728540829.301663, 68
1728540829.313345, 67
1728540829.325555, 65
1728540829.337541, 67
1728540829.352247, 66
1728540829.364368, 66
1728540829.377955, 66
1728540829.390989, 67
1728540829.403264, 67
1728540829.415279, 65
1728540829.429420, 68
1728540829.443690, 68
1728540829.455702, 67
1728540829.469592, 67
1728540829.483393, 67
1728540829.497729, 68
1728540829.510654, 67
1728540829.525124, 67
1728540829.537127, 67
1728540829.548845, 69
1728540829.562308, 69
1728540829.576046, 68
1728540829.591027, 67
1728540829.602831, 66
1728540829.614574, 66
1728540829.626764, 66
1728540829.638702, 66
1728540829.653316, 66
1728540829.667645, 65
1728540829.679285, 66
1728540829.691413, 68
1728540829.703456, 66
1728540829.717038, 69
1728540829.730284, 68
1728540829.741982, 68
1728540829.755109, 68
1728540829.767145, 69
1728540829.779228, 68
1728540829.791082, 68
1728540829.803684, 68
1728540829.819079, 69
1728540829.833796, 69
1728540829.848727, 69
1728540829.861515, 68
1728540829.873365, 67
1728540829.885219, 67
1728540829.897973, 67
1728540829.910712, 67
1728540829.924314, 68
1728540829.938211, 68
1728540829.950051, 67
1728540829.961712, 68
1728540829.973449, 68
1728540829.985919, 68
1728540830.002810, 68
1728540830.014732, 69
1728540830.026598, 70
1728540830.038530, 70
1728540830.050881, 68
1728540830.067094, 71
1728540830.081558, 69
1728540830.093385, 68
1728540830.107150, 70
1728540830.122048, 69
1728540830.137570, 69
1728540830.153883, 68
1728540830.168802, 69
1728540830.182517, 69
1728540830.194282, 68
1728540830.206052, 68
1728540830.217658, 68
1728540830.230193, 67
1728540830.245074, 69
1728540830.256944, 70
1728540830.269184, 68
1728540830.280870, 70
1728540830.294512, 70
1728540830.308577, 70
1728540830.322672, 70
1728540830.336587, 70
1728540830.350756, 70
1728540830.364493, 70
1728540830.378071, 69
1728540830.390540, 70
1728540830.404247, 69
1728540830.416020, 69
1728540830.427715, 69
1728540830.439457, 70
1728540830.453079, 69
1728540830.465806, 69
1728540830.479114, 69
1728540830.490811, 69
1728540830.502609, 67
1728540830.514413, 69
1728540830.527046, 70
1728540830.540094, 69
1728540830.555225, 70
1728540830.575133, 71
1728540830.592580, 70
1728540830.606886, 70
1728540830.621663, 71
1728540830.635752, 71
1728540830.647653, 71
1728540830.659390, 72
1728540830.671038, 71
1728540830.682848, 70
1728540830.695661, 71
1728540830.707395, 71
1728540830.719092, 70
1728540830.730856, 69
1728540830.743247, 70
1728540830.756302, 70
1728540830.770653, 70
1728540830.782433, 69
1728540830.794117, 71
1728540830.806299, 70
1728540830.820318, 71
1728540830.832938, 71
1728540830.847823, 71
1728540830.863578, 72
1728540830.878786, 71
1728540830.890806, 71
1728540830.902539, 72
1728540830.914304, 72
1728540830.927973, 73
1728540830.940693, 70
1728540830.953729, 72
1728540830.969988, 72
1728540830.984885, 71
1728540830.997255, 71
1728540831.008995, 71
1728540831.022255, 72
1728540831.035796, 71
1728540831.049540, 71
1728540831.062794, 70
1728540831.075162, 70
1728540831.086936, 70
1728540831.098746, 71
1728540831.110886, 72
1728540831.123155, 70
1728540831.137125, 71
1728540831.151865, 71
1728540831.165737, 72
1728540831.179095, 71
1728540831.191088, 71
1728540831.203234, 72
1728540831.215882, 72
1728540831.228425, 72
1728540831.242244, 73
1728540831.253964, 73
1728540831.265814, 72
1728540831.278105, 71
1728540831.290707, 71
1728540831.307317, 72
1728540831.320729, 73
1728540831.333521, 71
1728540831.345399, 72
1728540831.357290, 71
1728540831.369378, 72
1728540831.381439, 71
1728540831.394937, 72
1728540831.408996, 71
1728540831.420728, 72
1728540831.432491, 73
1728540831.444357, 73
1728540831.456679, 72
1728540831.471504, 72
1728540831.483226, 72
1728540831.495084, 73
1728540831.506807, 73
1728540831.519552, 72
1728540831.533303, 73
1728540831.547813, 73
1728540831.563364, 73
1728540831.579734, 74
1728540831.592827, 73
1728540831.604645, 73
1728540831.616436, 74
1728540831.628647, 73
1728540831.645001, 74
1728540831.656945, 72
1728540831.671005, 72
1728540831.682615, 72
1728540831.694186, 71
1728540831.705858, 71
1728540831.718784, 74
1728540831.733571, 72
1728540831.746461, 74
1728540831.759153, 73
1728540831.773630, 73
1728540831.785412, 74
1728540831.797596, 74
1728540831.809398, 74
1728540831.822596, 74
1728540831.836096, 74
1728540831.852189, 74
1728540831.864154, 73
1728540831.879478, 74
1728540831.893986, 75
1728540831.908275, 74
1728540831.920540, 74
1728540831.932268, 73
1728540831.944379, 73
1728540831.956637, 73
1728540831.969323, 72
1728540831.982122, 73
1728540831.993730, 75
1728540832.005395, 72
1728540832.017864, 74
1728540832.031780, 73
1728540832.046528, 75
1728540832.058454, 74
1728540832.070581, 73
1728540832.082578, 75
1728540832.096915, 75
1728540832.110705, 74
1728540832.122515, 75
1728540832.134087, 74
1728540832.148207, 74
1728540832.160021, 74
1728540832.174852, 75
1728540832.186555, 75
1728540832.198553, 74
1728540832.210729, 75
1728540832.224832, 75
1728540832.236763, 73
1728540832.250442, 74
1728540832.262177, 74
1728540832.273903, 76
1728540832.285826, 74
1728540832.297977, 74
1728540832.310713, 73
1728540832.325128, 74
1728540832.336965, 74
1728540832.348816, 75
1728540832.361219, 74
1728540832.374372, 76
1728540832.386069, 75
1728540832.397694, 74
1728540832.409469, 75
1728540832.421805, 74
1728540832.434200, 75
1728540832.448408, 75
1728540832.465631, 75
1728540832.477422, 76
1728540832.489196, 75
1728540832.501205, 76
1728540832.515018, 75
1728540832.529725, 74
1728540832.545430, 73
1728540832.557082, 75
1728540832.568925, 76
1728540832.580772, 76
1728540832.592892, 74
1728540832.609791, 77
1728540832.621982, 75
1728540832.636649, 75
1728540832.650403, 75
1728540832.662216, 75
1728540832.673990, 76
1728540832.687401, 77
1728540832.701234, 76
1728540832.713726, 75
1728540832.731768, 77
1728540832.745042, 77
1728540832.757935, 76
1728540832.772220, 76
1728540832.783859, 75
1728540832.795653, 77
1728540832.807443, 76
1728540832.820833, 76
1728540832.832469, 77
1728540832.844172, 76
1728540832.856156, 75
1728540832.868540, 75
1728540832.881512, 75
1728540832.896266, 76
1728540832.911682, 75
1728540832.926712, 75
1728540832.938689, 76
1728540832.950576, 75
1728540832.962983, 76
1728540832.974770, 77
1728540832.988617, 77
1728540833.002427, 77
1728540833.016452, 78
1728540833.030562, 78
1728540833.044374, 77
1728540833.055993, 75
1728540833.067736, 76
1728540833.079576, 77
1728540833.091386, 77
1728540833.104467, 77
1728540833.116297, 76
1728540833.128108, 77
1728540833.139810, 79
1728540833.151968, 77
1728540833.164759, 76
1728540833.176486, 76
1728540833.192350, 76
1728540833.205022, 77
1728540833.216677, 76
1728540833.229139, 77
1728540833.241320, 77
1728540833.255082, 77
1728540833.269827, 75
1728540833.283075, 79
1728540833.297486, 78
1728540833.314022, 77
1728540833.327682, 76
1728540833.342290, 77
1728540833.356908, 77
1728540833.368979, 77
1728540833.384590, 78
1728540833.396314, 77
1728540833.407972, 77
1728540833.419612, 79
1728540833.433249, 78
1728540833.444968, 78
1728540833.456617, 78
1728540833.468491, 78
1728540833.480241, 77
1728540833.492620, 77
1728540833.504176, 78
1728540833.516088, 77
1728540833.527850, 77
1728540833.539672, 78
1728540833.553035, 77
1728540833.565548, 76
1728540833.581924, 79
1728540833.595075, 78
1728540833.606821, 79
1728540833.619513, 77
1728540833.632725, 79
1728540833.645785, 79
1728540833.662854, 79
1728540833.675761, 78
1728540833.689429, 78
1728540833.705137, 78
1728540833.719830, 78
1728540833.735670, 79
1728540833.747458, 79
1728540833.759289, 79
1728540833.770970, 79
1728540833.783638, 76
1728540833.800302, 79
1728540833.812425, 79
1728540833.826630, 78
1728540833.838348, 79
1728540833.850786, 78
1728540833.863909, 78
1728540833.875700, 77
1728540833.888143, 79
1728540833.904021, 79
1728540833.918834, 78
1728540833.930649, 80
1728540833.942289, 78
1728540833.954002, 78
1728540833.966844, 79
1728540833.983887, 79
1728540833.996352, 78
1728540834.008365, 79
1728540834.020419, 78
1728540834.033227, 79
1728540834.045580, 79
1728540834.059028, 78
1728540834.073623, 78
1728540834.085473, 79
1728540834.097042, 79
1728540834.109389, 78
1728540834.121276, 77
1728540834.133781, 78
1728540834.147801, 78
1728540834.160381, 77
1728540834.172120, 77
1728540834.183917, 78
1728540834.195938, 78
1728540834.209749, 80
1728540834.221616, 78
1728540834.233418, 78
1728540834.245281, 77
1728540834.257253, 77
1728540834.271729, 77
1728540834.287468, 76
1728540834.301622, 77
1728540834.313702, 78
1728540834.325355, 77
1728540834.337146, 77
1728540834.348903, 76
1728540834.362864, 77
1728540834.377456, 77
1728540834.390133, 74
1728540834.401914, 67
1728540834.413988, 63
1728540834.425841, 58
1728540834.438501, 53
1728540834.451604, 46
1728540834.468209, 39
1728540834.483495, 35
1728540834.498344, 34
1728540834.510103, 30
1728540834.522046, 25
1728540834.533853, 23
1728540834.547536, 18
1728540834.559354, 14
1728540834.575726, 15
1728540834.591197, 14
1728540834.602821, 14
1728540834.616120, 14
1728540834.629581, 14
1728540834.643484, 15
1728540834.655524, 15
1728540834.669690, 15
1728540834.681331, 17
1728540834.692976, 17
1728540834.705136, 17
1728540834.717100, 16
1728540834.731006, 16
1728540834.745070, 17
1728540834.757760, 15
1728540834.771304, 17
1728540834.783031, 16
1728540834.794649, 15
1728540834.806645, 16
1728540834.819699, 16
1728540834.834471, 17
1728540834.850491, 17
1728540834.865611, 18
1728540834.877354, 18
1728540834.889090, 18
1728540834.900867, 18
1728540834.913143, 17
1728540834.925886, 18
1728540834.937598, 17
1728540834.949301, 17
1728540834.961066, 17
1728540834.973740, 17
1728540834.988098, 19
1728540834.999980, 19
1728540835.013268, 19
1728540835.028983, 18
1728540835.044984, 18
1728540835.060126, 19
1728540835.071962, 18
1728540835.083672, 18
1728540835.095361, 18
1728540835.112957, 20
1728540835.126337, 19
1728540835.140042, 19
1728540835.157434, 19
1728540835.169176, 19
1728540835.181191, 21
1728540835.194504, 21
1728540835.206806, 20
1728540835.221358, 20
1728540835.233460, 19
1728540835.247071, 20
1728540835.258706, 20
1728540835.270373, 20
1728540835.282273, 21
1728540835.295382, 19
1728540835.309369, 21
1728540835.322488, 20
1728540835.336691, 20
1728540835.348364, 22
1728540835.360008, 21
1728540835.371615, 22
1728540835.384240, 21
1728540835.398140, 21
1728540835.411915, 21
1728540835.425750, 22
1728540835.440044, 22
1728540835.453211, 21
1728540835.468739, 23
1728540835.481048, 21
1728540835.492689, 21
1728540835.504282, 23
1728540835.516059, 21
1728540835.528894, 23
1728540835.543544, 23
1728540835.557307, 23
1728540835.569499, 22
1728540835.584317, 22
1728540835.596254, 23
1728540835.607965, 23
1728540835.619804, 23
1728540835.631796, 23
1728540835.646373, 23
1728540835.662381, 23
1728540835.677855, 23
1728540835.692641, 25
1728540835.707077, 24
1728540835.720939, 25
1728540835.732607, 24
1728540835.744244, 23
1728540835.756003, 23
1728540835.768440, 24
1728540835.781813, 23
1728540835.797748, 23
1728540835.809507, 24
1728540835.821283, 24
1728540835.833750, 25
1728540835.845587, 25
1728540835.859920, 25
1728540835.875360, 25
1728540835.891335, 25
1728540835.904641, 27
1728540835.916473, 25
1728540835.928595, 25
1728540835.940504, 25
1728540835.953362, 26
1728540835.966736, 25
1728540835.978462, 25
1728540835.990308, 26
1728540836.002135, 26
1728540836.014674, 25
1728540836.027674, 27
1728540836.041280, 27
1728540836.054057, 26
1728540836.065825, 27
1728540836.077601, 27
1728540836.090359, 25
1728540836.102941, 26
1728540836.117476, 26
1728540836.132128, 26
1728540836.146286, 26
1728540836.158338, 27
1728540836.170357, 26
1728540836.182805, 26
1728540836.196384, 27
1728540836.208131, 27
1728540836.219897, 28
1728540836.232264, 29
1728540836.245831, 27
1728540836.257861, 28
1728540836.273897, 26
1728540836.288414, 27
1728540836.301396, 26
1728540836.313676, 27
1728540836.325599, 28
1728540836.337419, 27
1728540836.354808, 27
1728540836.366768, 27
1728540836.380939, 28
1728540836.396440, 30
1728540836.408206, 29
1728540836.420310, 28
1728540836.432124, 27
1728540836.444426, 28
1728540836.456200, 30
1728540836.469996, 28
1728540836.484863, 29
1728540836.498001, 29
1728540836.509808, 29
1728540836.522086, 27
1728540836.533897, 29
1728540836.547116, 27
1728540836.559349, 29
1728540836.575175, 30
1728540836.590672, 29
1728540836.602942, 30
1728540836.614618, 30
1728540836.626809, 29
1728540836.639452, 31
1728540836.657249, 30
1728540836.672535, 29
1728540836.685235, 29
1728540836.696985, 31
1728540836.708803, 29
1728540836.720910, 31
1728540836.733797, 31
1728540836.746660, 29
1728540836.761781, 30
1728540836.774449, 31
1728540836.786250, 31
1728540836.797945, 31
1728540836.810244, 32
1728540836.822180, 31
1728540836.834727, 31
1728540836.846438, 31
1728540836.858301, 30
1728540836.869967, 30
1728540836.884046, 31
1728540836.895931, 31
1728540836.908077, 31
1728540836.919799, 31
1728540836.931885, 30
1728540836.945097, 31
1728540836.957117, 31
1728540836.968853, 30
1728540836.980575, 32
1728540836.993803, 31
1728540837.007752, 33
1728540837.019598, 33
1728540837.032279, 31
1728540837.044027, 33
1728540837.055729, 33
1728540837.067515, 32
1728540837.080456, 31
1728540837.093194, 32
1728540837.107313, 31
1728540837.118979, 33
1728540837.130790, 31
1728540837.142395, 31
1728540837.155664, 31
1728540837.169596, 32
1728540837.188427, 35
1728540837.205499, 34
1728540837.217472, 33
1728540837.229280, 33
1728540837.242013, 33
1728540837.253992, 34
1728540837.269414, 33
1728540837.281304, 32
1728540837.292973, 33
1728540837.304776, 34
1728540837.317579, 34
1728540837.329319, 32
1728540837.345698, 34
1728540837.361083, 33
1728540837.372944, 34
1728540837.384625, 33
1728540837.396230, 33
1728540837.408623, 34
1728540837.421914, 35
1728540837.437292, 35
1728540837.452055, 34
1728540837.466105, 34
1728540837.478019, 33
1728540837.489685, 33
1728540837.501732, 34
1728540837.515951, 35
1728540837.530676, 34
1728540837.544102, 35
1728540837.555998, 34
1728540837.568091, 33
1728540837.579782, 34
1728540837.591525, 35
1728540837.604928, 36
1728540837.619907, 35
1728540837.637246, 36
1728540837.651242, 36
1728540837.665563, 34
1728540837.677277, 34
1728540837.691443, 34
1728540837.703401, 35
1728540837.715020, 35
1728540837.727286, 35
1728540837.739869, 35
1728540837.754649, 35
1728540837.766461, 36
1728540837.778090, 34
1728540837.789731, 35
1728540837.802319, 36
1728540837.816184, 37
1728540837.830045, 37
1728540837.843899, 35
1728540837.858288, 37
1728540837.872280, 35
1728540837.888417, 35
1728540837.900345, 36
1728540837.911987, 34
1728540837.923536, 35
1728540837.936941, 37
1728540837.950633, 36
1728540837.964421, 36
1728540837.976019, 36
1728540837.987631, 36
1728540837.999240, 37
1728540838.010877, 36
1728540838.023269, 38
1728540838.036306, 37
1728540838.051397, 38
1728540838.067138, 37
1728540838.081819, 37
1728540838.095253, 36
1728540838.106959, 37
1728540838.118886, 38
1728540838.130647, 38
1728540838.144518, 37
1728540838.157409, 38
1728540838.169101, 37
1728540838.180817, 37
1728540838.193834, 39
1728540838.207791, 39
1728540838.223976, 38
1728540838.235664, 38
1728540838.247339, 38
1728540838.258987, 40
1728540838.271185, 39
1728540838.284906, 38
1728540838.299378, 37
1728540838.312493, 37
1728540838.324102, 37
1728540838.335788, 38
1728540838.349275, 37
1728540838.362795, 37
1728540838.376055, 37
1728540838.391239, 37
1728540838.403675, 40
1728540838.415527, 39
1728540838.427819, 39
1728540838.441615, 39
1728540838.454883, 39
1728540838.470648, 38
1728540838.482322, 40
1728540838.494129, 39
1728540838.505800, 38
1728540838.518730, 39
1728540838.532476, 39
1728540838.544104, 39
1728540838.555826, 40
1728540838.567646, 39
1728540838.579392, 39
1728540838.591301, 39
1728540838.606710, 40
1728540838.620930, 40
1728540838.635283, 41
1728540838.647033, 41
1728540838.658943, 40
1728540838.671417, 41
1728540838.683100, 39
1728540838.698377, 40
1728540838.714823, 40
1728540838.726690, 40
1728540838.738544, 39
1728540838.750354, 40
1728540838.763979, 42
1728540838.777853, 41
1728540838.795142, 41
1728540838.808959, 40
1728540838.820581, 40
1728540838.832182, 41
1728540838.843903, 41
1728540838.855599, 41
1728540838.873363, 42
1728540838.886019, 41
1728540838.897665, 40
1728540838.909393, 40
1728540838.921032, 41
1728540838.933535, 41
1728540838.945369, 41
1728540838.959888, 40
1728540838.974436, 40
1728540838.986277, 41
1728540838.998292, 41
1728540839.010091, 41
1728540839.024599, 42
1728540839.036888, 41
1728540839.052114, 42
1728540839.066281, 43
1728540839.078603, 43
1728540839.090425, 42
1728540839.104537, 43
1728540839.116346, 42
1728540839.129580, 42
1728540839.141923, 43
1728540839.156042, 41
1728540839.171169, 42
1728540839.183375, 41
1728540839.195213, 41
1728540839.206823, 42
1728540839.218713, 41
1728540839.232793, 41
1728540839.247597, 42
1728540839.259294, 43
1728540839.271010, 43
1728540839.282653, 44
1728540839.294599, 43
1728540839.309415, 43
1728540839.324335, 43
1728540839.336006, 42
1728540839.348730, 43
1728540839.360479, 43
1728540839.372631, 42
1728540839.386315, 42
1728540839.398592, 43
1728540839.410691, 42
1728540839.422416, 42
1728540839.434769, 42
1728540839.448498, 42
1728540839.460239, 43
1728540839.473969, 43
1728540839.485714, 44
1728540839.498365, 43
1728540839.510647, 45
1728540839.524452, 44
1728540839.536186, 44
1728540839.547813, 45
1728540839.559638, 45
1728540839.573329, 44
1728540839.587437, 43
1728540839.602156, 44
1728540839.616781, 43
1728540839.638767, 44
1728540839.650962, 42
1728540839.665588, 43
1728540839.679971, 43
1728540839.691937, 44
1728540839.703688, 43
1728540839.715511, 45
1728540839.728583, 45
1728540839.747253, 45
1728540839.759873, 45
1728540839.773542, 45
1728540839.788477, 45
1728540839.800418, 45
1728540839.812075, 45
1728540839.824151, 45
1728540839.838390, 45
1728540839.852395, 45
1728540839.865221, 44
1728540839.878453, 45
1728540839.894047, 44
1728540839.908985, 44
1728540839.920729, 45
1728540839.932398, 44
1728540839.944197, 45
1728540839.957083, 46
1728540839.968702, 45
1728540839.983623, 46
1728540839.996122, 47
1728540840.008304, 46
1728540840.023138, 47
1728540840.036487, 47
1728540840.048793, 45
1728540840.064235, 45
1728540840.076005, 46
1728540840.088701, 44
1728540840.100444, 45
1728540840.112359, 45
1728540840.126123, 46
1728540840.139505, 46
1728540840.152433, 45
1728540840.164842, 46
1728540840.176436, 47
1728540840.190106, 46
1728540840.206422, 48
1728540840.219003, 47
1728540840.232917, 47
1728540840.248798, 47
1728540840.261879, 47
1728540840.273818, 47
1728540840.285731, 48
1728540840.297971, 46
1728540840.314089, 48
1728540840.328171, 47
1728540840.342075, 46
1728540840.355690, 47
1728540840.371787, 48
1728540840.384847, 47
1728540840.396934, 45
1728540840.409757, 47
1728540840.421936, 47
1728540840.434164, 47
1728540840.448840, 47
1728540840.464156, 47
1728540840.478420, 48
1728540840.495032, 48
1728540840.511539, 48
1728540840.527069, 47
1728540840.540315, 47
1728540840.552110, 48
1728540840.563947, 48
1728540840.576025, 47
1728540840.590360, 47
1728540840.602020, 47
1728540840.614960, 47
1728540840.627005, 47
1728540840.638748, 47
1728540840.651786, 49
1728540840.664366, 49
1728540840.677026, 50
1728540840.690019, 49
1728540840.702126, 49
1728540840.713972, 48
1728540840.726090, 50
1728540840.739996, 49
1728540840.751972, 49
1728540840.767799, 48
1728540840.779451, 48
1728540840.791223, 49
1728540840.802971, 48
1728540840.816978, 49
1728540840.831780, 48
1728540840.844080, 49
1728540840.858348, 48
1728540840.870175, 48
1728540840.881812, 48
1728540840.894874, 49
1728540840.906776, 50
1728540840.919122, 49
1728540840.930943, 49
1728540840.942732, 49
1728540840.955055, 49
1728540840.968916, 50
1728540840.981669, 49
1728540840.995097, 49
1728540841.012431, 48
1728540841.024365, 50
1728540841.036136, 47
1728540841.047818, 48
1728540841.060586, 49
1728540841.073447, 48
1728540841.085235, 49
1728540841.097163, 48
1728540841.108966, 49
1728540841.121415, 50
1728540841.134198, 51
1728540841.147919, 50
1728540841.163362, 51
1728540841.178205, 50
1728540841.192362, 51
1728540841.204174, 50
1728540841.216055, 50
1728540841.227800, 51
1728540841.240064, 50
1728540841.253369, 50
1728540841.265159, 50
1728540841.277676, 49
1728540841.290872, 49
1728540841.304729, 51
1728540841.319249, 50
1728540841.332199, 49
1728540841.344028, 50
1728540841.355714, 51
1728540841.367826, 52
1728540841.380377, 51
1728540841.392495, 50
1728540841.404147, 52
1728540841.415731, 51
1728540841.427492, 51
1728540841.439599, 51
1728540841.454951, 51
1728540841.473501, 52
1728540841.488526, 51
1728540841.504629, 50
1728540841.516327, 50
1728540841.528790, 52
1728540841.540691, 52
1728540841.563010, 51
1728540841.579998, 51
1728540841.591725, 52
1728540841.603439, 51
1728540841.615613, 52
1728540841.629724, 51
1728540841.641611, 51
1728540841.657678, 51
1728540841.669331, 53
1728540841.680964, 53
1728540841.692843, 51
1728540841.704662, 52
1728540841.717626, 53
1728540841.732385, 52
1728540841.747220, 51
1728540841.760004, 50
1728540841.772561, 51
1728540841.784454, 51
1728540841.796351, 52
1728540841.808620, 53
1728540841.824104, 52
1728540841.835916, 52
1728540841.847828, 52
1728540841.859584, 52
1728540841.871539, 54
1728540841.887378, 53
1728540841.902806, 53
1728540841.917612, 52
1728540841.929331, 53
1728540841.941143, 52
1728540841.952859, 53
1728540841.965411, 54
1728540841.980780, 53
1728540841.994087, 52
1728540842.007535, 52
1728540842.019303, 53
1728540842.031375, 53
1728540842.044510, 53
1728540842.057142, 51
1728540842.071730, 52
1728540842.086951, 52
1728540842.098724, 54
1728540842.110420, 54
1728540842.122060, 54
1728540842.135061, 53
1728540842.148456, 54
1728540842.163225, 54
1728540842.174874, 54
1728540842.186632, 53
1728540842.198362, 54
1728540842.210966, 55
1728540842.223818, 53
1728540842.240066, 53
1728540842.255736, 54
1728540842.270170, 53
1728540842.282339, 54
1728540842.294706, 54
1728540842.306969, 54
1728540842.320507, 53
1728540842.334265, 53
1728540842.349161, 54
1728540842.360776, 55
1728540842.372400, 54
1728540842.383987, 56
1728540842.397906, 56
1728540842.410044, 54
1728540842.423810, 55
1728540842.435437, 56
1728540842.447075, 56
1728540842.458823, 55
1728540842.471267, 54
1728540842.484426, 54
1728540842.496336, 55
1728540842.508168, 54
1728540842.519833, 53
1728540842.532219, 54
1728540842.552323, 56
1728540842.564223, 55
1728540842.576820, 54
1728540842.588730, 56
1728540842.600607, 55
1728540842.612673, 55
1728540842.625363, 54
1728540842.643208, 57
1728540842.657207, 56
1728540842.670907, 56
1728540842.683044, 55
1728540842.695554, 56
1728540842.707321, 57
1728540842.719292, 55
1728540842.730890, 56
1728540842.744034, 55
1728540842.756298, 54
1728540842.767919, 55
1728540842.780027, 56
1728540842.792355, 54
1728540842.805017, 55
1728540842.817917, 55
1728540842.830701, 55
1728540842.842369, 55
1728540842.853973, 56
1728540842.865972, 54
1728540842.880402, 57
1728540842.893737, 56
1728540842.905798, 55
1728540842.917401, 57
1728540842.929310, 57
1728540842.941269, 55
1728540842.953603, 57
1728540842.966557, 56
1728540842.979128, 56
1728540842.994923, 56
1728540843.006556, 57
1728540843.018222, 56
1728540843.029789, 55
1728540843.041672, 56
1728540843.055408, 56
1728540843.067025, 56
1728540843.078639, 57
1728540843.090375, 56
1728540843.104306, 55
1728540843.116108, 57
1728540843.129795, 57
1728540843.141457, 56
1728540843.153129, 56
1728540843.164735, 58
1728540843.178396, 58
1728540843.190604, 58
1728540843.203329, 57
1728540843.215056, 57
1728540843.227559, 56
1728540843.239147, 56
1728540843.250834, 58
1728540843.264887, 56
1728540843.278395, 57
1728540843.291813, 56
1728540843.303440, 57
1728540843.315277, 56
1728540843.327033, 57
1728540843.339509, 57
1728540843.353359, 58
1728540843.365747, 58
1728540843.381284, 58
1728540843.392986, 57
1728540843.404612, 58
1728540843.416234, 58
1728540843.428048, 58
1728540843.442164, 58
1728540843.455760, 58
1728540843.468003, 59
1728540843.480390, 58
1728540843.493265, 59
1728540843.511075, 59
1728540843.529287, 58
1728540843.542658, 57
1728540843.556049, 58
1728540843.568884, 58
1728540843.586256, 57
1728540843.599995, 57
1728540843.612170, 58
1728540843.624080, 59
1728540843.641248, 60
1728540843.652991, 59
1728540843.667923, 59
1728540843.679639, 59
1728540843.691277, 60
1728540843.703057, 59
1728540843.716853, 59
1728540843.728457, 58
1728540843.740215, 59
1728540843.751857, 61
1728540843.763631, 58
1728540843.776916, 59
1728540843.793072, 60
1728540843.806998, 59
1728540843.821868, 59
1728540843.842811, 58
1728540843.854741, 58
1728540843.870229, 59
1728540843.881922, 59
1728540843.893661, 59
1728540843.906974, 60
1728540843.919206, 59
1728540843.933557, 60
1728540843.945171, 58
1728540843.956816, 59
1728540843.968440, 61
1728540843.980306, 60
1728540843.993051, 60
1728540844.006943, 60
1728540844.018590, 59
1728540844.030278, 60
1728540844.042095, 59
1728540844.054148, 59
1728540844.066619, 59
1728540844.080736, 59
1728540844.092834, 60
1728540844.104804, 59
1728540844.116565, 59
1728540844.140866, 59
1728540844.159189, 61
1728540844.173203, 60
1728540844.185058, 61
1728540844.196809, 60
1728540844.208512, 61
1728540844.221622, 60
1728540844.233992, 60
1728540844.248503, 60
1728540844.260331, 60
1728540844.272103, 60
1728540844.284154, 60
1728540844.300105, 61
1728540844.313500, 60
1728540844.326236, 61
1728540844.339469, 60
1728540844.351408, 61
1728540844.363235, 58
1728540844.375041, 61
1728540844.387104, 60
1728540844.404832, 62
1728540844.418270, 59
1728540844.433177, 62
1728540844.448189, 62
1728540844.459847, 62
1728540844.471554, 61
1728540844.483489, 63
1728540844.497090, 61
1728540844.509218, 61
1728540844.525169, 61
1728540844.537322, 63
1728540844.549333, 61
1728540844.561135, 62
1728540844.574134, 61
1728540844.586757, 60
1728540844.599680, 60
1728540844.615398, 61
1728540844.633328, 60
1728540844.647009, 61
1728540844.662011, 61
1728540844.675522, 61
1728540844.687457, 61
1728540844.700307, 62
1728540844.711949, 62
1728540844.723918, 62
1728540844.735530, 63
1728540844.749367, 63
1728540844.763126, 62
1728540844.775449, 63
1728540844.788957, 63
1728540844.803522, 62
1728540844.815239, 63
1728540844.827070, 61
1728540844.838625, 62
1728540844.851177, 62
1728540844.864712, 61
1728540844.876489, 61
1728540844.889645, 61
1728540844.901639, 62
1728540844.913283, 61
1728540844.925164, 62
1728540844.936971, 63
1728540844.949601, 61
1728540844.965722, 62
1728540844.977765, 62
1728540844.991966, 63
1728540845.011928, 64
1728540845.025643, 63
1728540845.039031, 63
1728540845.053722, 63
1728540845.067310, 62
1728540845.079225, 64
1728540845.090967, 63
1728540845.104206, 63
1728540845.120964, 63
1728540845.134353, 63
1728540845.146369, 63
1728540845.158128, 63
1728540845.169820, 62
1728540845.182140, 63
1728540845.195668, 62
1728540845.208389, 62
1728540845.220072, 63
1728540845.231854, 63
1728540845.245219, 63
1728540845.257443, 63
1728540845.272457, 63
1728540845.285237, 63
1728540845.301872, 63
1728540845.319389, 64
1728540845.336115, 65
1728540845.349938, 64
1728540845.361504, 65
1728540845.376362, 66
1728540845.389980, 64
1728540845.401898, 64
1728540845.414506, 64
1728540845.426129, 64
1728540845.437730, 64
1728540845.449483, 64
1728540845.462440, 63
1728540845.478223, 63
1728540845.494005, 63
1728540845.509303, 63
1728540845.521975, 63
1728540845.534118, 64
1728540845.546279, 65
1728540845.559535, 64
1728540845.572484, 64
1728540845.584346, 65
1728540845.596239, 64
1728540845.608875, 65
1728540845.624022, 65
1728540845.637980, 65
1728540845.649882, 64
1728540845.661740, 63
1728540845.674006, 64
1728540845.687844, 66
1728540845.702768, 64
1728540845.715852, 65
1728540845.728415, 64
1728540845.743131, 64
1728540845.757468, 65
1728540845.769765, 64
1728540845.781866, 64
1728540845.793643, 64
1728540845.806598, 64
1728540845.820327, 65
1728540845.832028, 66
1728540845.843836, 66
1728540845.855908, 64
1728540845.870388, 65
1728540845.884201, 66
1728540845.895817, 65
1728540845.907382, 65
1728540845.918999, 63
1728540845.930613, 66
1728540845.942500, 67
1728540845.956017, 66
1728540845.971060, 66
1728540845.985385, 64
1728540845.997371, 64
1728540846.009112, 64
1728540846.021301, 64
1728540846.033331, 65
1728540846.050099, 66
1728540846.063538, 66
1728540846.083603, 66
1728540846.097300, 66
1728540846.110124, 66
1728540846.122219, 66
1728540846.134026, 64
1728540846.145939, 66
1728540846.158015, 66
1728540846.171277, 68
1728540846.183944, 66
1728540846.195726, 66
1728540846.207429, 64
1728540846.219415, 67
1728540846.232820, 66
1728540846.245473, 65
1728540846.260419, 65
1728540846.275490, 65
1728540846.287272, 65
1728540846.299156, 66
1728540846.310796, 65
1728540846.324043, 66
1728540846.336440, 66
1728540846.349396, 65
1728540846.361307, 65
1728540846.373138, 66
1728540846.384930, 68
1728540846.397066, 67
1728540846.410576, 67
1728540846.426033, 67
1728540846.437728, 68
1728540846.449469, 68
1728540846.461214, 68
1728540846.474594, 68
1728540846.486969, 67
1728540846.500434, 67
1728540846.515487, 67
1728540846.531238, 66
1728540846.546727, 67
1728540846.561582, 67
1728540846.575869, 67
1728540846.588091, 68
1728540846.600268, 66
1728540846.613190, 67
1728540846.626080, 66
1728540846.641016, 67
1728540846.654931, 69
1728540846.666728, 67
1728540846.678562, 67
1728540846.690205, 67
1728540846.702292, 68
1728540846.715729, 67
1728540846.731217, 67
1728540846.744956, 67
1728540846.757051, 68
1728540846.768780, 69
1728540846.780550, 69
1728540846.792553, 69
1728540846.806043, 68
1728540846.819680, 67
1728540846.831726, 67
1728540846.843516, 68
1728540846.855775, 67
1728540846.867736, 67
1728540846.881673, 68
1728540846.897034, 68
1728540846.908812, 67
1728540846.920412, 68
1728540846.932264, 69
1728540846.944272, 68
1728540846.958105, 69
1728540846.971815, 68
1728540846.984425, 69
1728540846.997556, 69
1728540847.009892, 69
1728540847.023130, 69
1728540847.037785, 69
1728540847.053322, 69
1728540847.067481, 68
1728540847.079402, 69
1728540847.091217, 70
1728540847.103105, 68
1728540847.116955, 69
1728540847.130869, 69
1728540847.143842, 69
1728540847.156737, 68
1728540847.170200, 69
1728540847.182338, 68
1728540847.194110, 68
1728540847.206083, 68
1728540847.220414, 70
1728540847.234071, 69
1728540847.245846, 69
1728540847.257591, 70
1728540847.269471, 69
1728540847.281824, 70
1728540847.296546, 69
1728540847.310319, 70
1728540847.323626, 69
1728540847.336473, 70
1728540847.348104, 70
1728540847.359876, 70
1728540847.371777, 70
1728540847.384233, 70
1728540847.400754, 69
1728540847.413133, 68
1728540847.425943, 70
1728540847.441493, 69
1728540847.456681, 69
1728540847.471890, 68
1728540847.490564, 70
1728540847.505891, 71
1728540847.520934, 70
1728540847.534622, 70
1728540847.546439, 70
1728540847.558209, 70
1728540847.569994, 71
1728540847.583852, 71
1728540847.595650, 69
1728540847.610581, 70
1728540847.627421, 70
1728540847.639231, 70
1728540847.651138, 70
1728540847.664265, 71
1728540847.677604, 70
1728540847.690838, 70
1728540847.705342, 71
1728540847.718080, 71
1728540847.730026, 70
1728540847.741818, 70
1728540847.754618, 70
1728540847.766805, 70
1728540847.781478, 70
1728540847.794889, 71
1728540847.806633, 71
1728540847.818430, 72
1728540847.830918, 70
1728540847.843463, 70
1728540847.855201, 71
1728540847.867041, 71
1728540847.878844, 71
1728540847.890750, 71
1728540847.902543, 72
1728540847.914196, 71
1728540847.925873, 71
1728540847.939022, 71
1728540847.951607, 72
1728540847.965976, 71
1728540847.980977, 70
1728540847.994311, 70
1728540848.006094, 70
1728540848.017729, 70
1728540848.029395, 70
1728540848.043081, 72
1728540848.055095, 71
