1728540879.755987, 0
1728540879.778336, 0
1728540879.790254, 1
1728540879.802702, 0
1728540879.819354, 1
1728540879.832683, 2
1728540879.845168, 8
1728540879.862996, 2
1728540879.875039, 9
1728540879.886926, 10
1728540879.898775, 17
1728540879.910897, 18
1728540879.923563, 20
1728540879.935226, 23
1728540879.947062, 22
1728540879.958864, 26
1728540879.972777, 31
1728540879.986194, 36
1728540880.001673, 38
1728540880.017982, 42
1728540880.032990, 47
1728540880.045563, 49
1728540880.057249, 52
1728540880.068886, 55
1728540880.080569, 58
1728540880.094246, 60
1728540880.106650, 60
1728540880.122348, 59
1728540880.138125, 59
1728540880.149807, 60
1728540880.161561, 60
1728540880.173352, 59
1728540880.185198, 60
1728540880.198649, 60
1728540880.210647, 59
1728540880.222447, 60
1728540880.234149, 59
1728540880.246579, 59
1728540880.258327, 60
1728540880.272341, 60
1728540880.287316, 60
1728540880.299087, 59
1728540880.310911, 60
1728540880.322577, 60
1728540880.335967, 59
1728540880.347966, 58
1728540880.364327, 57
1728540880.378652, 58
1728540880.390459, 58
1728540880.402497, 58
1728540880.415087, 58
1728540880.429480, 58
1728540880.442622, 58
1728540880.457012, 59
1728540880.473197, 59
1728540880.490846, 59
1728540880.502933, 60
1728540880.514966, 60
1728540880.527114, 59
1728540880.538984, 59
1728540880.558046, 60
1728540880.571930, 59
1728540880.583895, 58
1728540880.599002, 59
1728540880.614868, 57
1728540880.630750, 59
1728540880.647971, 59
1728540880.659853, 59
1728540880.674501, 60
1728540880.689387, 60
1728540880.704601, 59
1728540880.718874, 58
1728540880.734085, 60
1728540880.745962, 59
1728540880.757693, 59
1728540880.770583, 58
1728540880.783002, 57
1728540880.797781, 58
1728540880.810501, 57
1728540880.822310, 56
1728540880.834067, 55
1728540880.846072, 58
1728540880.858787, 56
1728540880.872265, 56
1728540880.886064, 54
1728540880.897908, 55
1728540880.909943, 54
1728540880.922556, 54
1728540880.935077, 51
1728540880.951922, 53
1728540880.965027, 51
1728540880.976823, 51
1728540880.988639, 52
1728540881.000428, 52
1728540881.012914, 49
1728540881.027588, 51
1728540881.043923, 50
1728540881.059933, 48
1728540881.074671, 45
1728540881.088884, 43
1728540881.100672, 43
1728540881.112816, 42
1728540881.124757, 42
1728540881.138796, 43
1728540881.152413, 42
1728540881.167097, 42
1728540881.178735, 44
1728540881.191393, 44
1728540881.203026, 42
1728540881.214639, 42
1728540881.226767, 44
1728540881.238848, 43
1728540881.252083, 43
1728540881.267268, 43
1728540881.278950, 43
1728540881.290529, 41
1728540881.302139, 42
1728540881.314778, 42
1728540881.326379, 42
1728540881.337994, 43
1728540881.349673, 42
1728540881.361275, 44
1728540881.375580, 43
1728540881.389394, 44
1728540881.404362, 43
1728540881.419147, 45
1728540881.432051, 45
1728540881.448525, 45
1728540881.460505, 46
1728540881.472227, 44
1728540881.483973, 43
1728540881.495581, 43
1728540881.509810, 44
1728540881.523402, 46
1728540881.537063, 45
1728540881.550582, 45
1728540881.562285, 46
1728540881.573952, 45
1728540881.585731, 46
1728540881.598082, 47
1728540881.613826, 47
1728540881.626687, 44
1728540881.642176, 45
1728540881.654070, 45
1728540881.665847, 46
1728540881.677619, 46
1728540881.689592, 44
1728540881.708619, 47
1728540881.720323, 46
1728540881.731948, 44
1728540881.744468, 46
1728540881.757817, 45
1728540881.770372, 44
1728540881.784249, 44
1728540881.796073, 44
1728540881.807859, 45
1728540881.819734, 45
1728540881.833004, 45
1728540881.846951, 46
1728540881.861359, 45
1728540881.875340, 46
1728540881.888618, 46
1728540881.901454, 47
1728540881.914216, 46
1728540881.926020, 46
1728540881.938211, 46
1728540881.950269, 46
1728540881.962781, 47
1728540881.976543, 47
1728540881.988422, 46
1728540882.000252, 45
1728540882.011960, 45
1728540882.024036, 46
1728540882.037394, 46
1728540882.049031, 46
1728540882.060845, 47
1728540882.072837, 47
1728540882.085540, 46
1728540882.099359, 46
1728540882.112669, 47
1728540882.125226, 48
1728540882.136894, 47
1728540882.148665, 46
1728540882.161240, 48
1728540882.174551, 48
1728540882.187448, 48
1728540882.199879, 50
1728540882.211681, 49
1728540882.223813, 49
1728540882.236207, 48
1728540882.249000, 48
1728540882.262314, 48
1728540882.278215, 46
1728540882.291042, 46
1728540882.302979, 47
1728540882.314751, 47
1728540882.326483, 46
1728540882.339487, 46
1728540882.356031, 49
1728540882.369111, 48
1728540882.380805, 47
1728540882.392399, 47
1728540882.405080, 48
1728540882.417487, 48
1728540882.430426, 48
1728540882.442021, 48
1728540882.453612, 47
1728540882.465200, 47
1728540882.477931, 47
1728540882.491291, 47
1728540882.505121, 47
1728540882.517057, 48
1728540882.528919, 49
1728540882.540666, 49
1728540882.553849, 48
1728540882.567881, 49
1728540882.581888, 49
1728540882.593659, 48
1728540882.610599, 49
1728540882.623574, 48
1728540882.639749, 50
1728540882.651621, 50
1728540882.663644, 47
1728540882.675267, 49
1728540882.687268, 50
1728540882.700027, 50
1728540882.712794, 47
1728540882.724623, 49
1728540882.736441, 47
1728540882.748096, 48
1728540882.760235, 49
1728540882.774187, 49
1728540882.786637, 49
1728540882.799329, 48
1728540882.811028, 48
1728540882.822660, 48
1728540882.834272, 50
1728540882.846992, 50
1728540882.861399, 50
1728540882.873224, 49
1728540882.885817, 48
1728540882.898556, 50
1728540882.910491, 50
1728540882.922139, 49
1728540882.934051, 50
1728540882.947949, 51
1728540882.962405, 50
1728540882.976610, 49
1728540882.989766, 50
1728540883.002835, 50
1728540883.016598, 49
1728540883.028271, 49
1728540883.040386, 50
1728540883.052117, 50
1728540883.065596, 51
1728540883.079468, 51
1728540883.093347, 51
1728540883.107157, 51
1728540883.120973, 52
1728540883.134844, 51
1728540883.149049, 50
1728540883.161113, 51
1728540883.175692, 52
1728540883.187788, 51
1728540883.199479, 51
1728540883.211277, 51
1728540883.224104, 51
1728540883.238492, 50
1728540883.250800, 49
1728540883.264546, 50
1728540883.278882, 50
1728540883.290729, 51
1728540883.302426, 49
1728540883.314389, 50
1728540883.328844, 52
1728540883.346082, 52
1728540883.362975, 51
1728540883.374704, 53
1728540883.386601, 52
1728540883.398857, 52
1728540883.413707, 53
1728540883.425889, 52
1728540883.437553, 51
1728540883.449253, 51
1728540883.460949, 50
1728540883.473749, 50
1728540883.486981, 50
1728540883.498847, 52
1728540883.510730, 53
1728540883.522456, 52
1728540883.534272, 52
1728540883.547939, 52
1728540883.562026, 52
1728540883.573845, 52
1728540883.585778, 53
1728540883.597823, 53
1728540883.611300, 53
1728540883.624731, 54
1728540883.636710, 53
1728540883.649746, 53
1728540883.661981, 54
1728540883.676682, 54
1728540883.691585, 52
1728540883.704326, 52
1728540883.716157, 51
1728540883.727956, 54
1728540883.741025, 51
1728540883.753518, 51
1728540883.768036, 52
1728540883.779730, 52
1728540883.791494, 53
1728540883.804040, 52
1728540883.816669, 53
1728540883.832545, 53
1728540883.845362, 53
1728540883.857096, 52
1728540883.868747, 53
1728540883.881392, 54
1728540883.897330, 54
1728540883.911476, 54
1728540883.925222, 53
1728540883.938717, 53
1728540883.950569, 53
1728540883.962245, 53
1728540883.973891, 53
1728540883.985706, 51
1728540883.999105, 54
1728540884.011868, 54
1728540884.026449, 53
1728540884.038786, 53
1728540884.050884, 52
1728540884.062697, 55
1728540884.079365, 54
1728540884.093255, 54
1728540884.107193, 54
1728540884.118834, 54
1728540884.130498, 55
1728540884.142522, 53
1728540884.154671, 54
1728540884.167518, 55
1728540884.181583, 54
1728540884.196177, 53
1728540884.209280, 53
1728540884.223992, 54
1728540884.235709, 55
1728540884.247474, 54
1728540884.259246, 54
1728540884.271849, 54
1728540884.286153, 53
1728540884.300761, 55
1728540884.314265, 55
1728540884.328134, 55
1728540884.341969, 55
1728540884.356392, 55
1728540884.370109, 55
1728540884.384852, 55
1728540884.396555, 56
1728540884.408611, 55
1728540884.420290, 56
1728540884.434514, 55
1728540884.449074, 56
1728540884.462157, 55
1728540884.477339, 54
1728540884.489067, 54
1728540884.500740, 55
1728540884.513198, 54
1728540884.525470, 54
1728540884.537679, 55
1728540884.550280, 55
1728540884.567258, 55
1728540884.584018, 57
1728540884.595856, 56
1728540884.607540, 57
1728540884.619298, 56
1728540884.631968, 56
1728540884.646191, 56
1728540884.660347, 57
1728540884.672176, 55
1728540884.686183, 56
1728540884.697973, 56
1728540884.709610, 56
1728540884.721233, 56
1728540884.733962, 55
1728540884.745848, 55
1728540884.761587, 55
1728540884.773265, 55
1728540884.784984, 56
1728540884.796916, 54
1728540884.809220, 56
1728540884.821131, 56
1728540884.834928, 56
1728540884.846599, 56
1728540884.858206, 56
1728540884.870603, 58
1728540884.884651, 58
1728540884.896324, 57
1728540884.908052, 57
1728540884.919666, 56
1728540884.931286, 57
1728540884.943930, 58
1728540884.955541, 56
1728540884.967151, 57
1728540884.978757, 55
1728540884.990485, 56
1728540885.003077, 56
1728540885.015296, 56
1728540885.033683, 56
1728540885.046943, 57
1728540885.058656, 57
1728540885.070481, 56
1728540885.082145, 57
1728540885.094894, 58
1728540885.106954, 59
1728540885.121993, 58
1728540885.136614, 59
1728540885.148263, 59
1728540885.160529, 58
1728540885.172312, 59
1728540885.183951, 59
1728540885.196789, 57
1728540885.211723, 58
1728540885.223762, 58
1728540885.235556, 55
1728540885.247475, 56
1728540885.259099, 58
1728540885.272126, 57
1728540885.283831, 57
1728540885.295750, 58
1728540885.307561, 57
1728540885.319214, 58
1728540885.332036, 58
1728540885.346688, 57
1728540885.364335, 59
1728540885.379157, 59
1728540885.394374, 60
1728540885.411073, 57
1728540885.429288, 58
1728540885.441803, 57
1728540885.455233, 57
1728540885.467000, 57
1728540885.479167, 59
1728540885.491112, 56
1728540885.503368, 57
1728540885.519680, 57
1728540885.532298, 56
1728540885.545531, 56
1728540885.561795, 55
1728540885.573500, 56
1728540885.585446, 57
1728540885.597157, 57
1728540885.609289, 57
1728540885.622101, 57
1728540885.637269, 55
1728540885.653596, 56
1728540885.667490, 56
1728540885.679248, 56
1728540885.690895, 55
1728540885.702588, 54
1728540885.715633, 48
1728540885.729585, 43
1728540885.743639, 38
1728540885.755272, 34
1728540885.766929, 29
1728540885.778558, 23
1728540885.790490, 23
1728540885.802754, 26
1728540885.817161, 25
1728540885.836967, 26
1728540885.853149, 26
1728540885.864888, 25
1728540885.876549, 25
1728540885.888272, 26
1728540885.902430, 27
1728540885.916279, 28
1728540885.929750, 27
1728540885.945346, 26
1728540885.960710, 26
1728540885.972352, 26
1728540885.983999, 24
1728540885.995626, 25
1728540886.008494, 26
1728540886.021520, 27
1728540886.038039, 28
1728540886.050683, 28
1728540886.062331, 28
1728540886.073942, 27
1728540886.085540, 29
1728540886.099550, 31
1728540886.112583, 29
1728540886.125401, 27
1728540886.137319, 27
1728540886.149137, 28
1728540886.163558, 28
1728540886.177086, 27
1728540886.193223, 27
1728540886.205542, 27
1728540886.217535, 28
1728540886.230374, 29
1728540886.244162, 29
1728540886.256793, 29
1728540886.272397, 28
1728540886.284420, 29
1728540886.296382, 27
1728540886.308628, 28
1728540886.321334, 30
1728540886.336144, 30
1728540886.351799, 29
1728540886.363983, 28
1728540886.376266, 29
1728540886.388628, 29
1728540886.402863, 29
1728540886.417091, 30
1728540886.429202, 31
1728540886.441249, 29
1728540886.454484, 29
1728540886.467502, 30
1728540886.481819, 30
1728540886.499160, 31
1728540886.511599, 31
1728540886.524441, 30
1728540886.537665, 29
1728540886.552124, 30
1728540886.568676, 29
1728540886.581213, 30
1728540886.594541, 30
1728540886.612703, 31
1728540886.625239, 31
1728540886.640096, 32
1728540886.652193, 31
1728540886.664400, 32
1728540886.676302, 32
1728540886.691583, 33
1728540886.703810, 31
1728540886.717600, 31
1728540886.729524, 32
1728540886.741357, 31
1728540886.753244, 30
1728540886.765423, 31
1728540886.778477, 32
1728540886.791379, 31
1728540886.803399, 31
1728540886.815409, 32
1728540886.827857, 33
1728540886.840951, 33
1728540886.853219, 33
1728540886.865170, 31
1728540886.877219, 33
1728540886.889235, 33
1728540886.904156, 32
1728540886.921327, 32
1728540886.937305, 31
1728540886.949364, 33
1728540886.961734, 34
1728540886.973843, 31
1728540886.987712, 34
1728540887.000562, 32
1728540887.014258, 33
1728540887.030357, 33
1728540887.042187, 33
1728540887.054524, 34
1728540887.066801, 34
1728540887.079492, 35
1728540887.091258, 35
1728540887.106179, 33
1728540887.122400, 33
1728540887.138957, 34
1728540887.155656, 33
1728540887.167610, 33
1728540887.179431, 34
1728540887.191143, 34
1728540887.204561, 34
1728540887.218234, 34
1728540887.232313, 34
1728540887.245949, 34
1728540887.257975, 34
1728540887.279114, 34
1728540887.292284, 34
1728540887.303888, 36
1728540887.315527, 32
1728540887.327280, 33
1728540887.341141, 33
1728540887.355593, 35
1728540887.369018, 35
1728540887.382869, 35
1728540887.396854, 34
1728540887.408897, 35
1728540887.421553, 34
1728540887.433561, 34
1728540887.445638, 35
1728540887.457533, 35
1728540887.470786, 36
1728540887.485834, 36
1728540887.500198, 36
1728540887.512212, 35
1728540887.524140, 33
1728540887.536316, 35
1728540887.548132, 35
1728540887.562365, 35
1728540887.582349, 35
1728540887.597857, 36
1728540887.613430, 36
1728540887.625129, 35
1728540887.637960, 37
1728540887.649702, 37
1728540887.661483, 36
1728540887.674242, 37
1728540887.687249, 36
1728540887.700099, 35
1728540887.711732, 38
1728540887.723432, 36
1728540887.735838, 37
1728540887.749312, 36
1728540887.761192, 36
1728540887.775196, 36
1728540887.786909, 37
1728540887.798529, 35
1728540887.810212, 34
1728540887.822735, 37
1728540887.836538, 37
1728540887.850771, 37
1728540887.862887, 37
1728540887.874586, 37
1728540887.886296, 38
1728540887.899322, 37
1728540887.912443, 38
1728540887.925602, 39
1728540887.941216, 38
1728540887.952912, 37
1728540887.964626, 37
1728540887.976229, 36
1728540887.989519, 37
1728540888.002356, 37
1728540888.017837, 38
1728540888.032401, 37
1728540888.044093, 36
1728540888.055785, 36
1728540888.067483, 38
1728540888.081366, 39
1728540888.095166, 39
1728540888.108317, 40
1728540888.121239, 38
1728540888.133194, 38
1728540888.144912, 37
1728540888.158348, 40
1728540888.172193, 39
1728540888.186553, 39
1728540888.200648, 39
1728540888.213101, 38
1728540888.225656, 37
1728540888.237227, 38
1728540888.248976, 39
1728540888.260635, 38
1728540888.272855, 38
1728540888.284461, 38
1728540888.296110, 39
1728540888.307702, 39
1728540888.321326, 40
1728540888.334154, 39
1728540888.347119, 39
1728540888.363062, 40
1728540888.374738, 41
1728540888.386866, 40
1728540888.399247, 39
1728540888.411555, 40
1728540888.423296, 39
1728540888.435033, 39
1728540888.446658, 38
1728540888.458409, 38
1728540888.471548, 40
1728540888.483306, 39
1728540888.495228, 39
1728540888.508789, 40
1728540888.522166, 40
1728540888.538861, 41
1728540888.553945, 40
1728540888.565789, 40
1728540888.577729, 41
1728540888.589485, 41
1728540888.601284, 40
1728540888.619700, 40
1728540888.633041, 43
1728540888.645747, 40
1728540888.659711, 41
1728540888.674420, 41
1728540888.688402, 41
1728540888.700052, 39
1728540888.715563, 41
1728540888.733382, 40
1728540888.745176, 41
1728540888.756950, 40
1728540888.768996, 41
1728540888.782185, 41
1728540888.795305, 44
1728540888.820842, 42
1728540888.835350, 42
1728540888.849809, 40
1728540888.864363, 41
1728540888.876711, 42
1728540888.889408, 41
1728540888.901195, 42
1728540888.913805, 40
1728540888.926261, 41
1728540888.939885, 41
1728540888.957345, 41
1728540888.977503, 42
1728540889.000551, 42
1728540889.019063, 42
1728540889.032367, 43
1728540889.044387, 41
1728540889.056472, 42
1728540889.070608, 43
1728540889.082935, 41
1728540889.097823, 41
1728540889.110866, 43
1728540889.123032, 43
1728540889.135015, 43
1728540889.147733, 42
1728540889.161157, 42
1728540889.177442, 42
1728540889.189995, 44
1728540889.202118, 43
1728540889.214670, 43
1728540889.228586, 43
1728540889.240475, 43
1728540889.252266, 43
1728540889.264787, 45
1728540889.276921, 43
1728540889.292493, 43
1728540889.304281, 43
1728540889.315977, 40
1728540889.327931, 42
1728540889.340308, 42
1728540889.352570, 43
1728540889.364676, 43
1728540889.377176, 44
1728540889.389248, 43
1728540889.401778, 44
1728540889.416662, 44
1728540889.429789, 44
1728540889.441396, 45
1728540889.453380, 44
1728540889.465445, 46
1728540889.479475, 45
1728540889.493151, 44
1728540889.505609, 45
1728540889.520741, 43
1728540889.535794, 44
1728540889.547681, 44
1728540889.559393, 42
1728540889.571022, 44
1728540889.583682, 44
1728540889.598258, 43
1728540889.611044, 44
1728540889.626860, 44
1728540889.642828, 46
1728540889.658636, 45
1728540889.675650, 46
1728540889.688533, 46
1728540889.701329, 46
1728540889.713498, 47
1728540889.725929, 46
1728540889.739345, 45
1728540889.751260, 45
1728540889.762917, 46
1728540889.774783, 45
1728540889.787761, 45
1728540889.801682, 45
1728540889.813408, 45
1728540889.827054, 44
1728540889.839363, 45
1728540889.851331, 45
1728540889.864118, 44
1728540889.876218, 46
1728540889.891194, 47
1728540889.904567, 46
1728540889.916405, 47
1728540889.928231, 47
1728540889.941623, 46
1728540889.955677, 47
1728540889.967333, 46
1728540889.982511, 46
1728540889.995384, 46
1728540890.006972, 46
1728540890.018915, 46
1728540890.030741, 45
1728540890.044334, 47
1728540890.056498, 45
1728540890.068101, 46
1728540890.079988, 46
1728540890.092567, 46
1728540890.104295, 47
1728540890.118898, 47
1728540890.134818, 47
1728540890.149649, 47
1728540890.163706, 47
1728540890.175506, 48
1728540890.187630, 48
1728540890.199693, 47
1728540890.212368, 46
1728540890.226458, 47
1728540890.240505, 46
1728540890.252187, 46
1728540890.264112, 49
1728540890.275853, 46
1728540890.288296, 47
1728540890.300024, 46
1728540890.315729, 47
1728540890.332659, 48
1728540890.345621, 48
1728540890.358512, 49
1728540890.370428, 48
1728540890.382184, 48
1728540890.394720, 47
1728540890.408426, 48
1728540890.420134, 48
1728540890.431754, 48
1728540890.443938, 47
1728540890.457636, 49
1728540890.469542, 47
1728540890.483524, 47
1728540890.499414, 48
1728540890.514349, 48
1728540890.526028, 48
1728540890.537753, 48
1728540890.549570, 48
1728540890.562834, 50
1728540890.575836, 49
1728540890.588434, 49
1728540890.602302, 50
1728540890.614253, 48
1728540890.626083, 48
1728540890.641124, 51
1728540890.655095, 49
1728540890.668268, 49
1728540890.682698, 48
1728540890.702879, 49
1728540890.719803, 48
1728540890.731808, 48
1728540890.743673, 49
1728540890.755573, 48
1728540890.767777, 50
1728540890.780592, 49
1728540890.792251, 49
1728540890.803977, 47
1728540890.815562, 49
1728540890.828952, 52
1728540890.842849, 49
1728540890.856831, 50
1728540890.871513, 49
1728540890.885448, 50
1728540890.897303, 50
1728540890.909388, 51
1728540890.921122, 51
1728540890.932903, 49
1728540890.945359, 50
1728540890.959840, 49
1728540890.971568, 49
1728540890.983191, 48
1728540890.995415, 49
1728540891.007590, 49
1728540891.020188, 49
1728540891.031838, 50
1728540891.044067, 51
1728540891.055840, 51
1728540891.067567, 51
1728540891.079311, 51
1728540891.093084, 51
1728540891.105084, 52
1728540891.116873, 51
1728540891.129675, 51
1728540891.142100, 50
1728540891.158608, 50
1728540891.170813, 52
1728540891.182695, 52
1728540891.195313, 50
1728540891.207566, 50
1728540891.220171, 50
1728540891.234733, 51
1728540891.247822, 50
1728540891.259568, 51
1728540891.271480, 51
1728540891.283038, 51
1728540891.296387, 52
1728540891.308318, 51
1728540891.323081, 53
1728540891.337702, 52
1728540891.349593, 52
1728540891.361316, 51
1728540891.372974, 51
1728540891.384674, 53
1728540891.397322, 52
1728540891.409031, 52
1728540891.420676, 51
1728540891.432426, 50
1728540891.445170, 51
1728540891.458116, 51
1728540891.472559, 52
1728540891.484288, 52
1728540891.496091, 50
1728540891.507668, 51
1728540891.520744, 51
1728540891.534038, 52
1728540891.547728, 53
1728540891.560559, 52
1728540891.572337, 52
1728540891.584223, 52
1728540891.597377, 53
1728540891.613996, 54
1728540891.626796, 54
1728540891.643748, 53
1728540891.657850, 53
1728540891.671290, 52
1728540891.684734, 52
1728540891.696704, 51
1728540891.711176, 52
1728540891.724895, 51
1728540891.737395, 52
1728540891.749220, 52
1728540891.760930, 53
1728540891.772732, 53
1728540891.784548, 53
1728540891.796679, 53
1728540891.809471, 53
1728540891.821673, 54
1728540891.834579, 53
1728540891.847645, 54
1728540891.861828, 53
1728540891.873642, 52
1728540891.885549, 53
1728540891.897322, 53
1728540891.910497, 55
1728540891.922425, 53
1728540891.937267, 53
1728540891.951418, 52
1728540891.963267, 53
1728540891.975238, 54
1728540891.987715, 52
1728540892.000467, 52
1728540892.013665, 54
1728540892.029170, 53
1728540892.040869, 53
1728540892.052485, 53
1728540892.064435, 56
1728540892.076606, 54
1728540892.093700, 54
1728540892.106903, 55
1728540892.123023, 55
1728540892.136787, 54
1728540892.148608, 54
1728540892.160423, 53
1728540892.172498, 55
1728540892.186145, 53
1728540892.197921, 54
1728540892.209701, 54
1728540892.221488, 54
1728540892.236574, 54
1728540892.249195, 54
1728540892.264118, 54
1728540892.279085, 54
1728540892.290856, 54
1728540892.302451, 54
1728540892.314422, 55
1728540892.327446, 56
1728540892.341262, 56
1728540892.353858, 55
1728540892.367952, 55
1728540892.383620, 54
1728540892.395901, 55
1728540892.407909, 55
1728540892.419909, 56
1728540892.433147, 56
1728540892.447190, 55
1728540892.461038, 55
1728540892.473390, 55
1728540892.486380, 54
1728540892.498697, 54
1728540892.511350, 54
1728540892.523246, 54
1728540892.536812, 55
1728540892.552033, 55
1728540892.564998, 55
1728540892.576672, 56
1728540892.588400, 57
1728540892.603873, 58
1728540892.615492, 55
1728540892.628533, 55
1728540892.641273, 57
1728540892.654178, 56
1728540892.665854, 57
1728540892.677618, 56
1728540892.690236, 57
1728540892.706463, 55
1728540892.722660, 56
1728540892.734914, 55
1728540892.752633, 55
1728540892.764825, 56
1728540892.776741, 55
1728540892.789007, 55
1728540892.802660, 56
1728540892.817358, 55
1728540892.830040, 57
1728540892.842292, 58
1728540892.854029, 57
1728540892.866350, 56
1728540892.880440, 58
1728540892.893761, 57
1728540892.907504, 58
1728540892.920312, 56
1728540892.932096, 57
1728540892.943883, 58
1728540892.956248, 58
1728540892.968055, 55
1728540892.982805, 54
1728540892.994463, 57
1728540893.006305, 57
1728540893.018134, 57
1728540893.032097, 56
1728540893.048679, 57
1728540893.060524, 57
1728540893.072281, 58
1728540893.085063, 58
1728540893.096823, 59
1728540893.108892, 57
1728540893.121469, 58
1728540893.133119, 57
1728540893.144890, 56
1728540893.156555, 58
1728540893.168712, 59
1728540893.181320, 58
1728540893.193012, 58
1728540893.204686, 58
1728540893.216543, 57
1728540893.229213, 57
1728540893.242178, 56
1728540893.257991, 55
1728540893.274894, 57
1728540893.291838, 58
1728540893.303606, 58
1728540893.315213, 56
1728540893.326886, 57
1728540893.339650, 58
1728540893.352336, 58
1728540893.371863, 57
1728540893.384425, 58
1728540893.397555, 59
1728540893.413001, 59
1728540893.427820, 58
1728540893.440964, 58
1728540893.453012, 59
1728540893.465192, 59
1728540893.477372, 60
1728540893.490298, 58
1728540893.502464, 58
1728540893.518636, 58
1728540893.530522, 58
1728540893.542182, 57
1728540893.553941, 57
1728540893.566953, 59
1728540893.582662, 58
1728540893.597307, 59
1728540893.612791, 58
1728540893.626026, 59
1728540893.637930, 60
1728540893.649805, 59
1728540893.661500, 59
1728540893.675318, 59
1728540893.687906, 60
1728540893.700517, 59
1728540893.712154, 60
1728540893.723992, 60
1728540893.735984, 59
1728540893.748029, 58
1728540893.761163, 57
1728540893.777026, 58
1728540893.788848, 58
1728540893.800651, 58
1728540893.818105, 60
1728540893.829883, 58
1728540893.841899, 57
1728540893.853951, 59
1728540893.867583, 60
1728540893.881641, 58
1728540893.895387, 59
1728540893.909263, 59
1728540893.921061, 58
1728540893.934946, 57
1728540893.949841, 57
1728540893.962669, 58
1728540893.974386, 58
1728540893.986241, 58
1728540893.998359, 58
1728540894.010223, 56
1728540894.029479, 56
1728540894.045142, 53
1728540894.057302, 48
1728540894.070740, 44
1728540894.083254, 46
1728540894.095826, 43
1728540894.108347, 37
1728540894.127087, 39
1728540894.139561, 39
1728540894.151207, 34
1728540894.163046, 33
1728540894.176066, 31
1728540894.190000, 29
1728540894.203894, 27
1728540894.218403, 26
1728540894.232292, 26
1728540894.244076, 27
1728540894.256684, 26
1728540894.268320, 27
1728540894.280077, 27
1728540894.291738, 25
1728540894.303513, 27
1728540894.318868, 28
1728540894.330729, 27
1728540894.342551, 29
1728540894.354298, 30
1728540894.366091, 27
1728540894.378564, 28
1728540894.392518, 29
1728540894.406844, 27
1728540894.421227, 26
1728540894.435608, 27
1728540894.450985, 28
1728540894.462914, 27
1728540894.474731, 29
1728540894.486713, 26
1728540894.498842, 29
1728540894.514292, 29
1728540894.528827, 30
1728540894.543058, 28
1728540894.556526, 28
1728540894.571839, 29
1728540894.587750, 27
1728540894.599457, 27
1728540894.611305, 29
1728540894.623593, 29
1728540894.635333, 29
1728540894.650226, 27
1728540894.662102, 28
1728540894.673794, 27
1728540894.685437, 28
1728540894.698204, 30
1728540894.711889, 29
1728540894.730725, 30
1728540894.745427, 32
1728540894.764637, 31
1728540894.782680, 30
1728540894.794328, 29
1728540894.810500, 30
1728540894.826404, 29
1728540894.838017, 29
1728540894.849647, 29
1728540894.861300, 30
1728540894.874325, 31
1728540894.888267, 31
1728540894.902083, 30
1728540894.916451, 31
1728540894.930575, 31
1728540894.943840, 31
1728540894.955516, 32
1728540894.971270, 31
1728540894.982977, 31
1728540894.994694, 30
1728540895.006391, 30
1728540895.019897, 29
1728540895.031537, 31
1728540895.047193, 31
1728540895.059104, 32
1728540895.070859, 31
1728540895.082488, 31
1728540895.095852, 31
1728540895.111853, 32
1728540895.126058, 32
1728540895.139937, 32
1728540895.154099, 32
1728540895.167948, 33
1728540895.180840, 31
1728540895.194471, 31
1728540895.206133, 31
1728540895.218390, 32
1728540895.230314, 32
1728540895.243579, 32
1728540895.255356, 31
1728540895.269423, 33
1728540895.281132, 34
1728540895.292997, 33
1728540895.305113, 34
1728540895.317864, 33
1728540895.334128, 35
1728540895.346956, 34
1728540895.358869, 33
1728540895.370658, 33
1728540895.382574, 33
1728540895.397694, 34
1728540895.410981, 32
1728540895.422958, 33
1728540895.434834, 32
1728540895.446490, 32
1728540895.458776, 34
1728540895.471688, 33
1728540895.485544, 32
1728540895.497185, 33
1728540895.508789, 34
1728540895.526461, 34
1728540895.539720, 34
1728540895.553559, 35
1728540895.574406, 33
1728540895.589464, 34
1728540895.601612, 34
1728540895.615462, 33
1728540895.628149, 34
1728540895.642690, 34
1728540895.654552, 34
1728540895.666277, 32
1728540895.677917, 34
1728540895.690559, 33
1728540895.703101, 34
1728540895.718198, 34
1728540895.729947, 36
1728540895.742316, 36
1728540895.754333, 35
1728540895.768423, 34
1728540895.780967, 35
1728540895.795995, 36
1728540895.810573, 34
1728540895.822190, 34
1728540895.834722, 34
1728540895.846348, 35
1728540895.859588, 35
1728540895.873502, 35
1728540895.885783, 35
1728540895.898377, 35
1728540895.910072, 36
1728540895.921898, 35
1728540895.935423, 36
1728540895.949473, 36
1728540895.962738, 37
1728540895.975184, 37
1728540895.988935, 36
1728540896.000709, 36
1728540896.012507, 36
1728540896.024837, 36
1728540896.037459, 35
1728540896.051878, 35
1728540896.063557, 37
1728540896.076060, 36
1728540896.089256, 37
1728540896.102648, 37
1728540896.117492, 36
1728540896.131013, 37
1728540896.144926, 38
1728540896.158765, 37
1728540896.172980, 38
1728540896.186981, 38
1728540896.199916, 37
1728540896.215813, 38
1728540896.229558, 37
1728540896.243525, 37
1728540896.255212, 36
1728540896.266854, 36
1728540896.278851, 37
1728540896.291862, 37
1728540896.305049, 37
1728540896.316728, 37
1728540896.328861, 37
1728540896.340922, 37
1728540896.353553, 39
1728540896.365824, 39
1728540896.379688, 38
1728540896.395515, 39
1728540896.411762, 38
1728540896.426466, 39
1728540896.439217, 37
1728540896.451351, 36
1728540896.463578, 37
1728540896.475716, 39
1728540896.487550, 39
1728540896.499255, 38
1728540896.511141, 39
1728540896.523028, 39
1728540896.536774, 39
1728540896.550640, 38
1728540896.562659, 39
1728540896.575558, 39
1728540896.587359, 39
1728540896.600171, 40
1728540896.614539, 39
1728540896.628298, 39
1728540896.643880, 38
1728540896.655635, 39
1728540896.667500, 38
1728540896.679312, 37
1728540896.692291, 39
1728540896.704813, 39
1728540896.719352, 38
1728540896.732132, 39
1728540896.743946, 39
1728540896.757079, 40
1728540896.768693, 40
1728540896.781891, 40
1728540896.796628, 40
1728540896.809946, 40
1728540896.824039, 41
1728540896.839380, 39
1728540896.854209, 39
1728540896.865893, 39
1728540896.877564, 39
1728540896.889191, 39
1728540896.901231, 39
1728540896.914221, 39
1728540896.925955, 40
1728540896.937577, 41
1728540896.949855, 40
1728540896.961866, 39
1728540896.976991, 42
1728540896.991012, 41
1728540897.002693, 42
1728540897.014318, 40
1728540897.025933, 42
1728540897.038552, 41
1728540897.055783, 42
1728540897.067461, 40
1728540897.079183, 41
1728540897.090820, 42
1728540897.105278, 40
1728540897.119115, 41
1728540897.133380, 40
1728540897.147403, 42
1728540897.161691, 41
1728540897.175459, 42
1728540897.188480, 41
1728540897.208688, 41
1728540897.224687, 41
1728540897.240090, 42
1728540897.251728, 43
1728540897.263721, 43
1728540897.275809, 42
1728540897.288300, 43
1728540897.301448, 42
1728540897.314315, 41
1728540897.328946, 41
1728540897.340877, 41
1728540897.352775, 41
1728540897.364528, 41
1728540897.377163, 41
1728540897.389117, 43
1728540897.401726, 42
1728540897.415935, 41
1728540897.427752, 43
1728540897.439608, 43
1728540897.451579, 43
1728540897.466290, 44
1728540897.480490, 43
1728540897.494615, 44
1728540897.506986, 42
1728540897.520817, 44
1728540897.534732, 44
1728540897.546492, 41
1728540897.558260, 44
1728540897.571173, 41
1728540897.585308, 43
1728540897.599174, 42
1728540897.616676, 43
1728540897.630020, 42
1728540897.645585, 42
1728540897.658038, 42
1728540897.669877, 42
1728540897.682076, 42
1728540897.694235, 44
1728540897.707788, 44
1728540897.719857, 44
1728540897.731731, 44
1728540897.743793, 44
1728540897.755487, 45
1728540897.768368, 44
1728540897.783064, 43
1728540897.798898, 44
1728540897.810600, 44
1728540897.823030, 43
1728540897.835174, 43
1728540897.848652, 44
1728540897.862649, 44
1728540897.874808, 44
1728540897.886572, 43
1728540897.898302, 45
1728540897.909945, 45
1728540897.922498, 44
1728540897.937898, 46
1728540897.956530, 46
1728540897.968813, 44
1728540897.983350, 45
1728540897.997061, 45
1728540898.009258, 44
1728540898.036343, 44
1728540898.050552, 44
1728540898.062284, 45
1728540898.073945, 44
1728540898.085944, 45
1728540898.099343, 44
1728540898.112289, 44
1728540898.129937, 46
1728540898.144630, 46
1728540898.158614, 47
1728540898.172938, 45
1728540898.185055, 46
1728540898.196883, 45
1728540898.208526, 43
1728540898.220189, 45
1728540898.233087, 47
1728540898.245751, 47
1728540898.258373, 47
1728540898.274146, 45
1728540898.289797, 45
1728540898.301420, 45
1728540898.313586, 44
1728540898.325265, 45
1728540898.337160, 45
1728540898.351063, 46
1728540898.365686, 46
1728540898.380750, 46
1728540898.393897, 47
1728540898.407884, 47
1728540898.421402, 47
1728540898.433492, 47
1728540898.445138, 47
1728540898.456944, 48
1728540898.468688, 47
1728540898.480765, 48
1728540898.496834, 48
1728540898.510773, 46
1728540898.524635, 47
1728540898.537704, 46
1728540898.551553, 47
1728540898.563248, 46
1728540898.574904, 44
1728540898.592187, 49
1728540898.603878, 47
1728540898.615515, 47
1728540898.629833, 48
1728540898.646704, 48
1728540898.660685, 48
1728540898.674741, 48
1728540898.688635, 49
1728540898.702741, 48
1728540898.715661, 47
1728540898.733494, 49
1728540898.746817, 46
1728540898.759432, 47
1728540898.772544, 48
1728540898.784299, 48
1728540898.795910, 48
1728540898.807935, 48
1728540898.821413, 47
1728540898.834938, 47
1728540898.849083, 48
1728540898.861091, 46
1728540898.873050, 47
1728540898.886682, 49
1728540898.905525, 49
1728540898.919802, 49
1728540898.931472, 49
1728540898.944510, 48
1728540898.956208, 48
1728540898.968254, 51
1728540898.982166, 50
1728540898.994776, 47
1728540899.008155, 47
1728540899.023577, 47
1728540899.035305, 49
1728540899.047054, 49
1728540899.058939, 49
1728540899.071714, 49
1728540899.084321, 47
1728540899.098472, 49
1728540899.115124, 49
1728540899.126952, 51
1728540899.140081, 49
1728540899.154283, 49
1728540899.170834, 51
1728540899.185009, 49
1728540899.203411, 49
1728540899.215842, 49
1728540899.231022, 51
1728540899.247799, 48
1728540899.260389, 49
1728540899.275310, 49
1728540899.291114, 49
1728540899.307043, 49
1728540899.321855, 50
1728540899.333567, 49
1728540899.345207, 48
1728540899.357606, 49
1728540899.370447, 51
1728540899.383669, 50
1728540899.399478, 49
1728540899.414935, 50
1728540899.426656, 50
1728540899.438449, 50
1728540899.450288, 52
1728540899.462595, 51
1728540899.477740, 51
1728540899.489556, 51
1728540899.502416, 51
1728540899.516606, 50
1728540899.528342, 50
1728540899.539968, 48
1728540899.551671, 51
1728540899.564647, 50
1728540899.578997, 49
1728540899.590939, 49
1728540899.607000, 51
1728540899.620981, 52
1728540899.633094, 51
1728540899.645488, 51
1728540899.657867, 53
1728540899.672481, 52
1728540899.685267, 50
1728540899.704216, 52
1728540899.716830, 52
1728540899.732235, 50
1728540899.745670, 51
1728540899.757505, 50
1728540899.769466, 50
1728540899.781586, 51
1728540899.793913, 51
1728540899.808004, 51
1728540899.819668, 50
1728540899.831628, 50
1728540899.844304, 51
1728540899.859323, 52
1728540899.873775, 51
1728540899.886378, 52
1728540899.900991, 52
1728540899.912825, 53
1728540899.925000, 53
1728540899.936855, 54
1728540899.952330, 53
1728540899.965850, 52
1728540899.978746, 51
1728540899.991037, 51
1728540900.005142, 51
1728540900.019574, 51
1728540900.032039, 51
1728540900.043877, 52
1728540900.057502, 54
1728540900.071409, 53
1728540900.083796, 51
1728540900.097472, 53
1728540900.109225, 53
1728540900.120975, 52
1728540900.132892, 53
1728540900.146806, 52
1728540900.160199, 52
1728540900.172910, 53
1728540900.189264, 53
1728540900.204316, 52
1728540900.216177, 53
1728540900.227953, 53
1728540900.239870, 53
1728540900.253545, 54
1728540900.267535, 53
1728540900.281362, 53
1728540900.295487, 53
1728540900.309355, 52
1728540900.323176, 52
1728540900.336501, 53
1728540900.348597, 54
1728540900.364358, 54
1728540900.380467, 53
1728540900.392280, 53
1728540900.404211, 53
1728540900.415867, 54
1728540900.429065, 54
1728540900.441309, 53
1728540900.456229, 53
1728540900.471792, 55
1728540900.488322, 52
1728540900.507374, 54
1728540900.521214, 54
1728540900.535347, 54
1728540900.547012, 53
1728540900.562994, 53
1728540900.583578, 54
1728540900.596461, 52
1728540900.615256, 53
1728540900.631056, 54
1728540900.644864, 55
1728540900.656610, 54
1728540900.668307, 54
1728540900.680212, 55
1728540900.692358, 55
1728540900.704848, 56
1728540900.716816, 54
1728540900.728871, 55
1728540900.743172, 54
1728540900.757050, 55
1728540900.771025, 55
1728540900.783705, 54
1728540900.796567, 55
1728540900.808196, 53
1728540900.819958, 54
1728540900.831595, 55
1728540900.843329, 55
1728540900.856010, 54
1728540900.869624, 55
1728540900.881564, 55
1728540900.893358, 54
1728540900.906290, 55
1728540900.920598, 56
1728540900.932466, 55
1728540900.947551, 56
1728540900.963257, 55
1728540900.975091, 56
1728540900.989933, 56
1728540901.001617, 57
1728540901.013240, 56
1728540901.025530, 54
1728540901.038397, 55
1728540901.050035, 54
1728540901.063097, 56
1728540901.074983, 55
1728540901.090350, 53
1728540901.101998, 55
1728540901.113629, 53
1728540901.125305, 56
1728540901.139813, 56
1728540901.153719, 56
1728540901.168071, 56
1728540901.181946, 57
1728540901.197984, 57
1728540901.213097, 56
1728540901.227252, 57
1728540901.238993, 56
1728540901.250827, 57
1728540901.262594, 55
1728540901.274259, 55
1728540901.292664, 55
1728540901.307620, 56
1728540901.319280, 57
1728540901.331105, 57
1728540901.342826, 56
1728540901.356340, 55
1728540901.368840, 57
1728540901.381622, 57
1728540901.397204, 55
1728540901.408896, 58
1728540901.420595, 56
1728540901.432458, 58
1728540901.444733, 58
1728540901.459465, 57
1728540901.471346, 58
1728540901.483785, 59
1728540901.495665, 58
1728540901.508225, 58
1728540901.522132, 58
1728540901.534680, 57
1728540901.549102, 58
1728540901.563341, 56
1728540901.575124, 56
1728540901.586828, 57
1728540901.599273, 57
1728540901.612205, 58
1728540901.627145, 57
1728540901.644665, 57
1728540901.656622, 56
1728540901.668731, 55
1728540901.680501, 58
1728540901.693714, 58
1728540901.706348, 58
1728540901.721562, 59
1728540901.733262, 58
1728540901.745042, 58
1728540901.756674, 58
1728540901.768654, 58
1728540901.781683, 58
1728540901.797798, 58
1728540901.813052, 57
1728540901.826634, 57
1728540901.838834, 58
1728540901.852893, 57
1728540901.864658, 58
1728540901.877763, 58
1728540901.891868, 58
1728540901.903606, 57
1728540901.918012, 57
1728540901.933163, 59
1728540901.944926, 60
1728540901.956882, 59
1728540901.968995, 59
1728540901.981344, 59
1728540901.994025, 60
1728540902.005729, 59
1728540902.017463, 59
1728540902.029096, 58
1728540902.041528, 60
1728540902.054418, 59
1728540902.066220, 59
1728540902.077982, 57
1728540902.089773, 58
1728540902.103017, 58
1728540902.114923, 57
1728540902.130832, 57
1728540902.142516, 58
1728540902.154379, 58
1728540902.167049, 59
1728540902.181014, 58
1728540902.193004, 58
1728540902.207702, 58
1728540902.223753, 59
1728540902.236425, 57
1728540902.248646, 57
1728540902.260692, 57
1728540902.272665, 57
1728540902.286998, 58
1728540902.301114, 57
1728540902.312963, 56
1728540902.324689, 57
1728540902.337074, 55
1728540902.349212, 56
1728540902.361456, 54
1728540902.375732, 51
1728540902.390407, 47
1728540902.402176, 43
1728540902.413897, 37
1728540902.426276, 32
1728540902.438244, 27
1728540902.451821, 25
1728540902.466655, 27
1728540902.483393, 28
1728540902.499606, 28
1728540902.516139, 28
1728540902.531716, 25
1728540902.547642, 28
1728540902.563303, 28
1728540902.578902, 28
1728540902.592299, 28
1728540902.604130, 26
1728540902.616083, 26
1728540902.628104, 26
1728540902.641178, 29
1728540902.656183, 28
1728540902.671358, 28
1728540902.689555, 29
1728540902.705230, 29
1728540902.718540, 28
1728540902.736361, 27
1728540902.748321, 28
1728540902.760098, 29
1728540902.771972, 28
1728540902.783892, 27
1728540902.797293, 29
1728540902.808983, 29
1728540902.820842, 29
1728540902.833185, 28
1728540902.846206, 29
1728540902.858791, 29
1728540902.872104, 29
1728540902.885463, 29
1728540902.897185, 29
1728540902.908820, 29
1728540902.922493, 30
1728540902.936676, 30
1728540902.950607, 29
1728540902.962799, 28
1728540902.976510, 28
1728540902.988232, 30
1728540902.999979, 28
1728540903.011645, 28
1728540903.025475, 29
1728540903.037832, 30
1728540903.050025, 30
1728540903.061651, 31
1728540903.073730, 31
1728540903.085454, 31
1728540903.098888, 33
1728540903.111459, 30
1728540903.124098, 30
1728540903.151823, 30
1728540903.165857, 31
1728540903.177533, 30
1728540903.189150, 30
1728540903.201455, 31
1728540903.213211, 31
1728540903.228167, 32
1728540903.240493, 31
1728540903.252589, 30
1728540903.264844, 31
1728540903.276574, 32
1728540903.291484, 32
1728540903.305048, 31
1728540903.316966, 31
1728540903.328744, 31
1728540903.340500, 32
1728540903.352256, 31
1728540903.366365, 32
1728540903.384037, 32
1728540903.399251, 32
1728540903.415676, 33
1728540903.429628, 33
1728540903.441408, 33
1728540903.453224, 31
1728540903.465110, 33
1728540903.476944, 33
1728540903.491599, 34
1728540903.507143, 32
1728540903.521956, 32
1728540903.533737, 32
1728540903.545666, 30
1728540903.557334, 33
1728540903.569526, 33
1728540903.582572, 33
1728540903.596599, 32
1728540903.608379, 33
1728540903.620351, 33
1728540903.634025, 33
1728540903.649200, 33
1728540903.660991, 34
1728540903.672639, 33
1728540903.684433, 34
1728540903.696603, 34
1728540903.710413, 32
1728540903.725398, 34
1728540903.737069, 34
1728540903.748912, 33
1728540903.761555, 34
1728540903.776202, 33
1728540903.787988, 34
1728540903.799946, 33
1728540903.812029, 34
1728540903.824518, 34
1728540903.839424, 35
1728540903.854660, 36
1728540903.867699, 35
1728540903.879509, 36
1728540903.891271, 36
1728540903.903397, 35
1728540903.915871, 35
1728540903.930957, 34
1728540903.945178, 34
1728540903.957561, 34
1728540903.969252, 34
1728540903.981721, 35
1728540903.995001, 35
1728540904.006731, 34
1728540904.018419, 34
1728540904.030190, 34
1728540904.042653, 36
1728540904.055596, 36
1728540904.070693, 35
1728540904.082665, 36
1728540904.094753, 37
1728540904.107315, 37
1728540904.120999, 35
1728540904.135967, 35
1728540904.150659, 36
1728540904.162365, 35
1728540904.174016, 36
1728540904.185797, 36
1728540904.198713, 35
1728540904.212641, 36
1728540904.225487, 36
1728540904.239232, 36
1728540904.250945, 37
1728540904.262819, 36
1728540904.274789, 37
1728540904.287109, 37
1728540904.298735, 38
1728540904.313782, 36
1728540904.325974, 36
1728540904.338138, 36
1728540904.349885, 35
1728540904.361848, 36
1728540904.374701, 37
1728540904.389643, 37
1728540904.404295, 36
1728540904.418116, 37
1728540904.429867, 37
1728540904.441570, 37
1728540904.453846, 38
1728540904.466598, 38
1728540904.482246, 37
1728540904.493900, 39
1728540904.505536, 40
1728540904.518430, 40
1728540904.532450, 39
1728540904.546786, 37
1728540904.561892, 38
1728540904.574721, 38
1728540904.588301, 38
1728540904.602389, 38
1728540904.616792, 37
1728540904.628803, 37
1728540904.640558, 38
1728540904.652496, 38
1728540904.667438, 38
1728540904.682014, 38
1728540904.697411, 38
1728540904.709059, 38
1728540904.720715, 40
1728540904.732865, 40
1728540904.745599, 39
1728540904.757600, 37
1728540904.771599, 37
1728540904.786658, 39
1728540904.799618, 39
1728540904.811771, 39
1728540904.823742, 38
1728540904.835848, 39
1728540904.847675, 39
1728540904.862128, 40
1728540904.875199, 40
1728540904.886970, 39
1728540904.898665, 40
1728540904.910816, 41
1728540904.923812, 40
1728540904.939274, 40
1728540904.954654, 40
1728540904.968713, 38
1728540904.980625, 39
1728540904.993278, 39
1728540905.005006, 40
1728540905.017931, 39
1728540905.031684, 39
1728540905.049850, 40
1728540905.065624, 39
1728540905.080227, 40
1728540905.093048, 40
1728540905.104836, 41
1728540905.116819, 41
1728540905.130405, 42
1728540905.144914, 42
1728540905.158073, 42
1728540905.169800, 42
1728540905.181540, 41
1728540905.193796, 41
1728540905.208787, 40
1728540905.220701, 40
1728540905.234756, 41
1728540905.249604, 40
1728540905.263113, 40
1728540905.274939, 41
1728540905.288370, 41
1728540905.303119, 40
1728540905.318115, 41
1728540905.329747, 42
1728540905.341555, 42
1728540905.353341, 42
1728540905.365152, 43
1728540905.380204, 42
1728540905.394618, 42
1728540905.406288, 42
1728540905.417964, 43
1728540905.429857, 41
1728540905.443645, 41
1728540905.455561, 42
1728540905.469322, 40
1728540905.481574, 40
1728540905.494038, 42
1728540905.505864, 42
1728540905.517880, 41
1728540905.530625, 42
1728540905.548577, 42
1728540905.563596, 42
1728540905.575497, 43
1728540905.587137, 41
1728540905.617533, 41
1728540905.631734, 44
1728540905.651316, 43
1728540905.668160, 43
1728540905.680515, 41
1728540905.697025, 43
1728540905.712312, 43
1728540905.724022, 42
1728540905.735636, 42
1728540905.747499, 43
1728540905.759171, 43
1728540905.770970, 44
1728540905.784979, 44
1728540905.799215, 44
1728540905.811198, 43
1728540905.823194, 44
1728540905.834922, 44
1728540905.846833, 42
1728540905.860310, 44
1728540905.876111, 43
1728540905.893842, 43
1728540905.909384, 42
1728540905.924338, 44
1728540905.940255, 44
1728540905.957199, 43
1728540905.973138, 44
1728540905.988294, 42
1728540906.000032, 43
1728540906.011926, 45
1728540906.023983, 45
1728540906.036876, 45
1728540906.051304, 46
1728540906.066932, 44
1728540906.082096, 43
1728540906.093977, 44
1728540906.108266, 43
1728540906.120068, 44
1728540906.132795, 45
1728540906.146893, 44
1728540906.160724, 45
1728540906.173407, 44
1728540906.186472, 44
1728540906.198109, 44
1728540906.209955, 45
1728540906.223957, 45
1728540906.235648, 45
1728540906.248700, 46
1728540906.261050, 45
1728540906.272744, 46
1728540906.284530, 45
1728540906.296198, 46
1728540906.309747, 46
1728540906.322402, 45
1728540906.335623, 44
1728540906.351126, 43
1728540906.362919, 45
1728540906.374936, 44
1728540906.386621, 45
1728540906.398389, 45
1728540906.411813, 45
1728540906.426874, 45
1728540906.438556, 46
1728540906.450313, 47
1728540906.462497, 47
1728540906.474892, 46
1728540906.489678, 46
1728540906.501448, 47
1728540906.513170, 47
1728540906.524869, 47
1728540906.538151, 47
1728540906.551747, 47
1728540906.568567, 45
1728540906.584290, 47
1728540906.597818, 46
1728540906.609931, 46
1728540906.621567, 45
1728540906.634845, 46
1728540906.648551, 45
1728540906.660576, 47
1728540906.672256, 46
1728540906.683867, 48
1728540906.696361, 48
1728540906.710379, 47
1728540906.724239, 48
1728540906.735817, 47
1728540906.751454, 46
1728540906.765931, 49
1728540906.777729, 48
1728540906.789377, 47
1728540906.801445, 47
1728540906.813945, 47
1728540906.826483, 46
1728540906.838125, 47
1728540906.850306, 47
1728540906.862210, 46
1728540906.874810, 47
1728540906.888852, 48
1728540906.903147, 46
1728540906.915326, 48
1728540906.928375, 49
1728540906.944736, 48
1728540906.957795, 49
1728540906.969561, 49
1728540906.981344, 48
1728540906.993483, 49
1728540907.005109, 48
1728540907.023898, 49
1728540907.036608, 48
1728540907.053649, 49
1728540907.065876, 49
1728540907.078008, 48
1728540907.090247, 47
1728540907.104637, 48
1728540907.119096, 48
1728540907.133615, 48
1728540907.148575, 48
1728540907.163127, 48
1728540907.177433, 49
1728540907.189048, 49
1728540907.200963, 50
1728540907.212704, 50
1728540907.225024, 49
1728540907.237372, 50
1728540907.254274, 50
1728540907.266021, 50
1728540907.277893, 49
1728540907.289658, 48
1728540907.301825, 49
1728540907.315310, 49
1728540907.330019, 49
1728540907.343356, 50
1728540907.355276, 49
1728540907.367012, 49
1728540907.378794, 48
1728540907.392196, 50
1728540907.407029, 51
1728540907.418742, 50
1728540907.430727, 50
1728540907.442936, 49
1728540907.454706, 50
1728540907.468814, 49
1728540907.480779, 50
1728540907.492662, 50
1728540907.504390, 50
1728540907.517802, 49
1728540907.531189, 50
1728540907.546524, 49
1728540907.560394, 49
1728540907.574007, 50
1728540907.587061, 50
1728540907.600108, 51
1728540907.625498, 50
1728540907.639824, 50
1728540907.653585, 51
1728540907.667549, 51
1728540907.683169, 51
1728540907.699340, 51
1728540907.714479, 52
1728540907.727215, 51
1728540907.739655, 51
1728540907.753754, 52
1728540907.768399, 51
1728540907.782114, 50
1728540907.794404, 49
1728540907.806250, 50
1728540907.818840, 51
1728540907.830626, 50
1728540907.842295, 50
1728540907.853968, 49
1728540907.865677, 49
1728540907.878666, 51
1728540907.892537, 53
1728540907.904856, 52
1728540907.917455, 51
1728540907.930522, 52
1728540907.942135, 52
1728540907.953803, 51
1728540907.966668, 52
1728540907.979909, 52
1728540907.994698, 51
1728540908.008177, 51
1728540908.019760, 51
1728540908.031367, 52
1728540908.043877, 52
1728540908.058876, 51
1728540908.072933, 51
1728540908.089523, 52
1728540908.103843, 51
1728540908.123086, 52
1728540908.137251, 52
1728540908.150594, 52
1728540908.167240, 53
1728540908.181233, 53
1728540908.194113, 53
1728540908.211308, 53
1728540908.224874, 53
1728540908.238514, 53
1728540908.251730, 54
1728540908.264462, 53
1728540908.276161, 51
1728540908.287915, 51
1728540908.302773, 53
1728540908.314545, 51
1728540908.328982, 52
1728540908.344603, 52
1728540908.356488, 53
1728540908.368131, 51
1728540908.379791, 51
1728540908.392693, 54
1728540908.405675, 54
1728540908.417583, 54
1728540908.433206, 53
1728540908.444905, 53
1728540908.456543, 52
1728540908.468120, 55
1728540908.480911, 55
1728540908.493986, 53
1728540908.505639, 53
1728540908.517546, 54
1728540908.529320, 53
1728540908.541205, 53
1728540908.555824, 53
1728540908.571039, 52
1728540908.582889, 54
1728540908.594832, 52
1728540908.606654, 54
1728540908.619120, 53
1728540908.636123, 53
1728540908.649714, 54
1728540908.661618, 54
1728540908.673397, 54
1728540908.685427, 55
1728540908.699028, 55
1728540908.712567, 54
1728540908.724449, 54
1728540908.736159, 55
1728540908.747864, 55
1728540908.759786, 55
1728540908.773833, 53
1728540908.790071, 54
1728540908.805556, 55
1728540908.817231, 54
1728540908.828848, 53
1728540908.840562, 54
1728540908.853219, 55
1728540908.865598, 54
1728540908.880487, 54
1728540908.894866, 56
1728540908.907233, 56
1728540908.919118, 55
1728540908.931451, 55
1728540908.943827, 54
1728540908.958731, 56
1728540908.971322, 56
1728540908.982947, 56
1728540908.994906, 54
1728540909.007170, 55
1728540909.024745, 56
1728540909.036666, 54
1728540909.051211, 55
1728540909.066423, 54
1728540909.084442, 56
1728540909.098608, 55
1728540909.110389, 56
1728540909.125287, 55
1728540909.137240, 56
1728540909.149078, 56
1728540909.161421, 57
1728540909.173324, 55
1728540909.188179, 57
1728540909.201285, 57
1728540909.213260, 57
1728540909.224958, 56
1728540909.236633, 56
1728540909.250582, 58
1728540909.263918, 56
1728540909.280504, 56
1728540909.294912, 55
1728540909.307728, 55
1728540909.319500, 55
1728540909.331491, 55
1728540909.343257, 57
1728540909.355580, 55
1728540909.368314, 57
1728540909.383310, 56
1728540909.397200, 56
1728540909.410462, 56
1728540909.422335, 57
1728540909.434209, 57
1728540909.446014, 57
1728540909.458004, 56
1728540909.469779, 58
1728540909.481465, 57
1728540909.493338, 59
1728540909.507449, 57
1728540909.520334, 57
1728540909.533765, 57
1728540909.550012, 56
1728540909.563261, 56
1728540909.575243, 57
1728540909.587647, 56
1728540909.600142, 56
1728540909.613646, 56
1728540909.626449, 56
1728540909.642852, 57
1728540909.658741, 57
1728540909.670554, 58
1728540909.682489, 58
1728540909.694258, 58
1728540909.708013, 60
1728540909.722058, 58
1728540909.736017, 59
1728540909.750732, 58
1728540909.764426, 59
1728540909.778438, 59
1728540909.792204, 58
1728540909.803954, 57
1728540909.817125, 58
1728540909.828851, 56
1728540909.840500, 57
1728540909.852441, 57
1728540909.866299, 58
1728540909.880049, 57
1728540909.893986, 58
1728540909.908132, 58
1728540909.921410, 58
1728540909.944889, 59
1728540909.959981, 58
1728540909.975600, 58
1728540909.990924, 58
1728540910.008111, 58
1728540910.023159, 58
1728540910.034904, 59
1728540910.046530, 56
1728540910.058132, 59
1728540910.071379, 59
1728540910.087565, 58
1728540910.102175, 57
1728540910.116032, 56
1728540910.130167, 57
1728540910.142490, 57
1728540910.160236, 56
1728540910.172361, 56
1728540910.184270, 57
1728540910.196023, 56
1728540910.209974, 57
1728540910.223868, 58
1728540910.236722, 58
1728540910.249369, 57
1728540910.261050, 55
1728540910.272654, 56
1728540910.284516, 55
1728540910.296959, 55
1728540910.308696, 55
1728540910.323674, 47
1728540910.338484, 42
1728540910.350866, 37
1728540910.362792, 33
1728540910.374558, 30
1728540910.386768, 25
1728540910.403765, 26
1728540910.415816, 25
1728540910.429661, 26
1728540910.445327, 27
1728540910.460371, 27
1728540910.474494, 26
1728540910.486946, 27
1728540910.499060, 27
1728540910.510838, 28
1728540910.523151, 27
1728540910.535939, 26
1728540910.547680, 26
1728540910.559596, 26
1728540910.571432, 26
1728540910.585018, 27
1728540910.599078, 27
1728540910.611055, 27
1728540910.625730, 26
1728540910.640429, 27
1728540910.652250, 27
1728540910.665466, 29
1728540910.678719, 28
1728540910.691834, 28
1728540910.704296, 28
1728540910.718182, 28
1728540910.729930, 25
1728540910.741585, 26
1728540910.755127, 27
1728540910.769037, 29
1728540910.780919, 27
1728540910.794729, 27
1728540910.810372, 27
1728540910.822377, 30
1728540910.834208, 29
1728540910.846095, 28
1728540910.859440, 30
1728540910.873349, 30
1728540910.885067, 29
1728540910.899105, 28
1728540910.913037, 29
1728540910.924814, 29
1728540910.936578, 30
1728540910.948184, 30
1728540910.961131, 29
1728540910.976468, 29
1728540910.991066, 31
1728540911.006044, 29
1728540911.019582, 30
1728540911.031536, 29
1728540911.043425, 31
1728540911.056339, 31
1728540911.070429, 30
1728540911.084257, 30
1728540911.098665, 30
1728540911.113306, 31
1728540911.127484, 31
1728540911.141578, 30
1728540911.155558, 29
1728540911.170887, 30
1728540911.185740, 30
1728540911.198874, 30
1728540911.212076, 31
1728540911.224047, 32
1728540911.237736, 33
1728540911.249949, 31
1728540911.263057, 31
1728540911.277086, 33
1728540911.291238, 31
1728540911.302941, 32
1728540911.322744, 31
1728540911.337168, 30
1728540911.350995, 32
1728540911.365034, 32
1728540911.376979, 31
1728540911.392375, 30
1728540911.407967, 33
1728540911.422537, 33
1728540911.436935, 33
1728540911.451742, 32
1728540911.464136, 33
1728540911.475986, 33
1728540911.487635, 33
1728540911.500914, 33
1728540911.513793, 32
1728540911.527070, 32
1728540911.542197, 33
1728540911.557075, 33
1728540911.570729, 33
1728540911.582502, 31
1728540911.594400, 32
1728540911.607368, 32
1728540911.622428, 34
1728540911.637053, 33
1728540911.652014, 33
1728540911.663851, 34
1728540911.677116, 32
1728540911.691458, 33
1728540911.703402, 33
1728540911.717731, 34
1728540911.729640, 33
1728540911.741280, 34
1728540911.754751, 33
1728540911.768640, 33
1728540911.782311, 34
1728540911.797151, 34
1728540911.814845, 33
1728540911.827842, 34
1728540911.841834, 35
1728540911.854588, 34
1728540911.868393, 34
1728540911.880081, 34
1728540911.891796, 34
1728540911.903671, 35
1728540911.915792, 35
1728540911.930340, 34
1728540911.945964, 35
1728540911.963208, 35
1728540911.974902, 34
1728540911.986535, 32
1728540911.998168, 32
1728540912.010366, 35
1728540912.023861, 35
1728540912.042720, 35
1728540912.057059, 35
1728540912.070940, 36
1728540912.092175, 36
1728540912.106337, 34
1728540912.118347, 36
1728540912.130582, 33
1728540912.142414, 35
1728540912.155494, 35
1728540912.169515, 35
1728540912.183387, 36
1728540912.195008, 35
1728540912.213048, 36
1728540912.225436, 36
1728540912.237354, 36
1728540912.250792, 37
1728540912.263083, 36
1728540912.275485, 37
1728540912.287142, 38
1728540912.301980, 37
1728540912.313728, 37
1728540912.325379, 36
1728540912.336956, 35
1728540912.349227, 37
1728540912.362706, 35
1728540912.375405, 36
1728540912.387139, 36
1728540912.398734, 35
1728540912.410377, 35
1728540912.422500, 36
1728540912.435674, 37
1728540912.447737, 36
1728540912.459506, 36
1728540912.471153, 35
1728540912.483257, 37
1728540912.500098, 38
1728540912.513972, 38
1728540912.525612, 39
1728540912.543018, 38
1728540912.555009, 37
1728540912.566814, 36
1728540912.580244, 37
1728540912.592747, 37
1728540912.606238, 37
1728540912.620420, 38
1728540912.632299, 38
1728540912.644264, 36
1728540912.656436, 38
1728540912.668538, 38
1728540912.683390, 38
1728540912.696934, 38
1728540912.709309, 39
1728540912.721238, 38
1728540912.733099, 38
1728540912.746503, 38
1728540912.763022, 37
1728540912.775123, 38
1728540912.787057, 39
1728540912.799330, 38
1728540912.811722, 39
1728540912.829130, 39
1728540912.842248, 38
1728540912.856812, 38
1728540912.870482, 39
1728540912.882199, 39
1728540912.893898, 38
1728540912.905731, 38
1728540912.918803, 39
1728540912.931418, 39
1728540912.944761, 39
1728540912.961612, 39
1728540912.977487, 38
1728540912.989152, 39
1728540913.000743, 38
1728540913.012582, 39
1728540913.025260, 39
1728540913.039778, 41
1728540913.054216, 39
1728540913.070209, 40
1728540913.084073, 39
1728540913.095727, 38
1728540913.114318, 40
1728540913.126159, 41
1728540913.137954, 41
1728540913.149576, 38
1728540913.161352, 40
1728540913.173276, 41
1728540913.187163, 40
1728540913.200274, 41
1728540913.212074, 40
1728540913.223731, 39
1728540913.236735, 38
1728540913.248551, 40
1728540913.263484, 40
1728540913.285939, 41
1728540913.300965, 40
1728540913.314887, 40
1728540913.328198, 40
1728540913.341203, 40
1728540913.352930, 41
1728540913.364662, 40
1728540913.376251, 42
1728540913.390624, 42
1728540913.404666, 41
1728540913.417125, 42
1728540913.431908, 42
1728540913.448198, 41
1728540913.465604, 41
1728540913.480904, 40
1728540913.500168, 43
1728540913.512044, 41
1728540913.523732, 42
1728540913.537409, 41
1728540913.550283, 41
1728540913.571213, 43
1728540913.585243, 42
1728540913.599105, 42
1728540913.612268, 43
1728540913.626540, 42
1728540913.641963, 42
1728540913.653702, 42
1728540913.665456, 40
1728540913.677078, 42
1728540913.691296, 41
1728540913.705459, 41
1728540913.719335, 43
1728540913.733075, 43
1728540913.749466, 45
1728540913.763582, 44
1728540913.778336, 43
1728540913.791995, 43
1728540913.805885, 45
1728540913.820714, 43
1728540913.834538, 43
1728540913.846116, 43
1728540913.860653, 44
1728540913.873835, 44
1728540913.885760, 45
1728540913.897588, 43
1728540913.909393, 43
1728540913.922897, 42
1728540913.938268, 43
1728540913.953307, 43
1728540913.964951, 43
1728540913.977297, 44
1728540913.989134, 43
1728540914.000935, 44
1728540914.015494, 44
1728540914.030729, 45
1728540914.043406, 44
1728540914.055608, 45
1728540914.067397, 44
1728540914.079885, 44
1728540914.095105, 45
1728540914.107320, 44
1728540914.122076, 44
1728540914.133905, 45
1728540914.145627, 43
1728540914.157202, 43
1728540914.170690, 44
1728540914.184354, 43
1728540914.196661, 43
1728540914.213286, 44
1728540914.225200, 43
1728540914.238198, 45
1728540914.256629, 46
1728540914.269028, 46
1728540914.285135, 45
1728540914.301317, 46
1728540914.314245, 46
1728540914.326025, 46
1728540914.337827, 46
1728540914.350281, 45
1728540914.362588, 44
1728540914.376341, 45
1728540914.388042, 45
1728540914.399825, 47
1728540914.411780, 45
1728540914.424793, 45
1728540914.439346, 44
1728540914.453449, 45
1728540914.465311, 46
1728540914.477956, 47
1728540914.490798, 46
1728540914.502488, 47
1728540914.514375, 47
1728540914.526227, 45
1728540914.539302, 46
1728540914.553165, 47
1728540914.564986, 46
1728540914.576680, 47
1728540914.588564, 45
1728540914.600593, 46
1728540914.614441, 45
1728540914.629513, 46
1728540914.642841, 45
1728540914.654730, 46
1728540914.666479, 46
1728540914.678520, 46
1728540914.690408, 46
1728540914.706450, 47
1728540914.719521, 46
1728540914.731403, 47
1728540914.743224, 47
1728540914.755262, 47
1728540914.771899, 48
1728540914.786477, 48
1728540914.798324, 47
1728540914.809955, 47
1728540914.821758, 46
1728540914.833676, 47
1728540914.847538, 46
1728540914.862701, 47
1728540914.874508, 47
1728540914.886440, 45
1728540914.898919, 47
1728540914.911670, 47
1728540914.925754, 47
1728540914.937953, 47
1728540914.952764, 47
1728540914.966687, 47
1728540914.978417, 47
1728540914.990008, 47
1728540915.003253, 48
1728540915.019636, 50
1728540915.035826, 47
1728540915.047525, 47
1728540915.059277, 46
1728540915.070926, 47
1728540915.083685, 48
1728540915.097993, 47
1728540915.112867, 47
1728540915.126998, 48
1728540915.138642, 48
1728540915.150544, 49
1728540915.162241, 47
1728540915.174399, 47
1728540915.186160, 49
1728540915.200563, 48
1728540915.214436, 49
1728540915.226063, 48
1728540915.237694, 48
1728540915.249362, 48
1728540915.262084, 49
1728540915.274056, 49
1728540915.285867, 50
1728540915.297540, 51
1728540915.312263, 48
1728540915.324017, 49
1728540915.335831, 49
1728540915.347632, 49
1728540915.359806, 49
1728540915.373763, 50
1728540915.387601, 48
1728540915.401922, 48
1728540915.415862, 49
1728540915.427531, 49
1728540915.443076, 49
1728540915.454931, 50
1728540915.466834, 47
1728540915.478597, 50
1728540915.491798, 49
1728540915.503778, 49
1728540915.519225, 49
1728540915.531313, 49
1728540915.543489, 49
1728540915.555501, 50
1728540915.568748, 49
1728540915.581621, 48
1728540915.593271, 49
1728540915.605558, 50
1728540915.617468, 49
1728540915.629777, 49
1728540915.644624, 49
1728540915.658246, 50
1728540915.674162, 50
1728540915.686986, 50
1728540915.698728, 51
1728540915.710508, 51
1728540915.723054, 51
1728540915.736253, 52
1728540915.751086, 50
1728540915.765891, 51
1728540915.779129, 51
1728540915.791140, 51
1728540915.803095, 50
1728540915.815006, 50
1728540915.826952, 49
1728540915.839396, 50
1728540915.851258, 50
1728540915.863247, 51
1728540915.875173, 51
1728540915.887701, 51
1728540915.900278, 49
1728540915.916736, 52
1728540915.931520, 52
1728540915.945364, 52
1728540915.957040, 52
1728540915.968788, 50
1728540915.980420, 50
1728540915.994128, 51
1728540916.005792, 52
1728540916.018532, 52
1728540916.030201, 51
1728540916.043524, 51
1728540916.056004, 52
1728540916.070536, 50
1728540916.084533, 51
1728540916.096247, 50
1728540916.107910, 51
1728540916.119813, 51
1728540916.132175, 51
1728540916.146432, 51
1728540916.163727, 53
1728540916.176450, 53
1728540916.188224, 53
1728540916.199970, 53
1728540916.211847, 52
1728540916.224639, 52
1728540916.239067, 52
1728540916.256167, 53
1728540916.272056, 53
1728540916.284389, 54
1728540916.296223, 52
1728540916.307968, 51
1728540916.320632, 51
1728540916.332852, 51
1728540916.347661, 51
1728540916.362844, 52
1728540916.378873, 52
1728540916.391802, 51
1728540916.403397, 52
1728540916.415576, 52
1728540916.427667, 52
1728540916.441248, 53
1728540916.456378, 54
1728540916.470536, 53
1728540916.482191, 52
1728540916.493859, 54
1728540916.505699, 53
1728540916.517560, 54
1728540916.531352, 53
1728540916.545241, 51
1728540916.563150, 52
1728540916.578643, 54
1728540916.594667, 52
1728540916.612976, 53
1728540916.625209, 54
1728540916.637097, 52
1728540916.648865, 52
1728540916.661814, 54
1728540916.682761, 54
1728540916.694390, 55
1728540916.706027, 54
1728540916.717730, 54
1728540916.729374, 54
1728540916.741503, 54
1728540916.755130, 55
1728540916.770996, 54
1728540916.785667, 54
1728540916.797335, 54
1728540916.808975, 52
1728540916.820676, 52
1728540916.832879, 53
1728540916.849622, 54
1728540916.863958, 53
1728540916.876003, 53
1728540916.887899, 55
1728540916.899634, 53
1728540916.911239, 54
1728540916.924491, 55
1728540916.939169, 56
1728540916.951365, 55
1728540916.965842, 54
1728540916.979627, 55
1728540916.991378, 55
1728540917.003234, 55
1728540917.015767, 54
1728540917.028682, 55
1728540917.042211, 55
1728540917.057756, 55
1728540917.077991, 53
1728540917.111983, 54
1728540917.124136, 55
1728540917.138505, 54
1728540917.150965, 56
1728540917.162708, 53
1728540917.174570, 56
1728540917.187571, 57
1728540917.201659, 55
1728540917.213697, 55
1728540917.225340, 56
1728540917.237081, 55
1728540917.248696, 54
1728540917.262046, 54
1728540917.276832, 56
1728540917.291366, 56
1728540917.304883, 55
1728540917.317707, 55
1728540917.333066, 56
1728540917.344837, 56
1728540917.356523, 56
1728540917.368140, 56
1728540917.383476, 56
1728540917.396367, 56
1728540917.410334, 55
1728540917.422442, 55
1728540917.434099, 57
1728540917.446060, 56
1728540917.458971, 57
1728540917.472214, 56
1728540917.486800, 57
1728540917.501718, 58
1728540917.516562, 57
1728540917.528248, 57
1728540917.540654, 57
1728540917.552371, 56
1728540917.565015, 56
1728540917.577418, 57
1728540917.594587, 56
1728540917.606474, 55
1728540917.618242, 55
1728540917.630438, 56
1728540917.643232, 56
1728540917.654954, 57
1728540917.666607, 56
1728540917.688815, 57
1728540917.701357, 58
1728540917.713125, 58
1728540917.725044, 55
1728540917.736686, 56
1728540917.750050, 58
1728540917.763137, 58
1728540917.776020, 57
1728540917.792586, 57
1728540917.807836, 57
1728540917.819483, 57
1728540917.831422, 59
1728540917.843513, 57
1728540917.855875, 57
1728540917.874117, 58
1728540917.886528, 56
1728540917.900660, 57
1728540917.915294, 57
1728540917.927276, 58
1728540917.939009, 58
1728540917.950915, 56
1728540917.964325, 58
1728540917.977082, 59
1728540917.988869, 59
1728540918.001494, 58
1728540918.013111, 58
1728540918.025562, 59
1728540918.037504, 59
1728540918.049769, 59
1728540918.063915, 57
1728540918.079117, 59
1728540918.091617, 58
1728540918.109780, 57
1728540918.125729, 55
1728540918.138409, 57
1728540918.150075, 60
1728540918.161929, 57
1728540918.175975, 57
1728540918.188360, 58
1728540918.202030, 58
1728540918.213776, 58
1728540918.225397, 58
1728540918.237048, 60
1728540918.250877, 58
1728540918.265171, 58
1728540918.278183, 58
1728540918.291436, 58
1728540918.304279, 58
1728540918.315978, 59
1728540918.327730, 58
1728540918.340193, 57
1728540918.356564, 58
1728540918.370603, 59
1728540918.384572, 58
1728540918.397353, 57
1728540918.412009, 57
1728540918.424819, 58
1728540918.436451, 58
1728540918.448066, 56
1728540918.459902, 57
1728540918.474522, 57
1728540918.487813, 56
1728540918.500972, 55
1728540918.513122, 56
1728540918.524847, 55
1728540918.537131, 56
1728540918.549774, 55
1728540918.562200, 53
1728540918.574046, 49
1728540918.585786, 43
1728540918.598967, 37
1728540918.613129, 29
1728540918.631611, 26
1728540918.647899, 25
1728540918.662801, 27
1728540918.674536, 26
1728540918.686339, 27
1728540918.698080, 26
1728540918.710445, 26
1728540918.723268, 28
1728540918.739619, 28
1728540918.751301, 28
1728540918.763097, 28
1728540918.774910, 28
1728540918.787903, 27
1728540918.799528, 27
1728540918.812276, 27
1728540918.824067, 27
1728540918.835917, 27
1728540918.848267, 27
1728540918.861681, 26
1728540918.874385, 28
1728540918.889494, 28
1728540918.906649, 30
1728540918.919471, 28
1728540918.931253, 28
1728540918.943011, 29
1728540918.955673, 30
1728540918.967435, 27
1728540918.981581, 27
1728540918.995391, 29
1728540919.007041, 29
1728540919.018784, 28
1728540919.030423, 27
1728540919.042426, 28
1728540919.055953, 28
1728540919.071556, 29
1728540919.087078, 30
1728540919.098813, 31
1728540919.111542, 28
1728540919.123585, 29
1728540919.135667, 30
1728540919.150904, 30
1728540919.167013, 30
1728540919.182930, 29
1728540919.197027, 30
1728540919.209270, 29
1728540919.222856, 29
1728540919.236610, 29
1728540919.250730, 30
1728540919.267958, 29
1728540919.283494, 30
1728540919.295330, 31
1728540919.307078, 31
1728540919.318856, 31
1728540919.332930, 32
1728540919.345000, 32
1728540919.357442, 30
1728540919.369337, 30
1728540919.381102, 31
1728540919.393036, 30
1728540919.407545, 30
1728540919.421997, 31
1728540919.433882, 30
1728540919.445577, 31
1728540919.457382, 32
1728540919.470523, 33
1728540919.500671, 34
1728540919.517566, 31
1728540919.531501, 32
1728540919.545247, 33
1728540919.557205, 32
1728540919.571521, 31
1728540919.583298, 31
1728540919.594970, 30
1728540919.606614, 31
1728540919.620029, 31
1728540919.634686, 32
1728540919.646637, 33
1728540919.660912, 32
1728540919.673069, 32
1728540919.684815, 31
1728540919.696485, 32
1728540919.710662, 34
1728540919.724324, 33
1728540919.736752, 33
1728540919.752124, 34
1728540919.766693, 32
1728540919.779475, 33
1728540919.791153, 33
1728540919.803036, 31
1728540919.814931, 32
1728540919.828830, 35
1728540919.840858, 33
1728540919.855812, 33
1728540919.872263, 34
1728540919.883966, 33
1728540919.895582, 34
1728540919.909078, 35
1728540919.922910, 34
1728540919.935861, 34
1728540919.952577, 35
1728540919.968328, 34
1728540919.980045, 33
1728540919.992704, 33
1728540920.004342, 32
1728540920.016481, 34
1728540920.030538, 34
1728540920.044350, 33
1728540920.056732, 33
1728540920.070904, 34
1728540920.085465, 34
1728540920.101209, 36
1728540920.113051, 36
1728540920.124668, 35
1728540920.136339, 34
1728540920.150910, 37
1728540920.164842, 35
1728540920.176932, 34
1728540920.188602, 35
1728540920.200291, 33
1728540920.220584, 35
1728540920.232809, 35
1728540920.244808, 36
1728540920.256573, 34
1728540920.268303, 35
1728540920.281485, 36
1728540920.293508, 36
1728540920.305324, 36
1728540920.317262, 36
1728540920.329143, 35
1728540920.342574, 37
1728540920.355886, 38
1728540920.367970, 37
1728540920.380225, 37
1728540920.392226, 35
1728540920.405685, 35
1728540920.419708, 36
1728540920.433564, 36
1728540920.445195, 34
1728540920.456922, 36
1728540920.468686, 37
1728540920.480309, 36
1728540920.493186, 37
1728540920.504875, 36
1728540920.516575, 36
1728540920.528239, 37
1728540920.541081, 38
1728540920.555032, 37
1728540920.566745, 37
1728540920.582674, 38
1728540920.595634, 38
1728540920.607536, 37
1728540920.619348, 37
1728540920.631599, 36
1728540920.644032, 36
1728540920.656603, 36
1728540920.668569, 36
1728540920.681412, 37
1728540920.693714, 37
1728540920.707834, 38
1728540920.723574, 38
1728540920.738065, 37
1728540920.749858, 39
1728540920.761716, 39
1728540920.773549, 38
1728540920.786874, 39
1728540920.798616, 39
1728540920.813682, 37
1728540920.841635, 38
1728540920.853570, 37
1728540920.868568, 38
1728540920.881862, 37
1728540920.893873, 38
1728540920.906136, 37
1728540920.918457, 38
1728540920.930816, 40
1728540920.944438, 39
1728540920.956155, 40
1728540920.967892, 38
1728540920.979481, 40
1728540920.992637, 39
1728540921.006140, 39
1728540921.018211, 38
1728540921.031040, 38
1728540921.042820, 38
1728540921.054647, 39
1728540921.067651, 38
1728540921.081665, 38
1728540921.095983, 39
1728540921.109094, 38
1728540921.123357, 39
1728540921.138174, 40
1728540921.154526, 41
1728540921.166942, 41
1728540921.179140, 41
1728540921.191633, 40
1728540921.205879, 41
1728540921.218075, 41
1728540921.236480, 42
1728540921.250983, 39
1728540921.266173, 39
1728540921.280813, 40
1728540921.295120, 39
1728540921.309792, 40
1728540921.322751, 39
1728540921.338597, 39
1728540921.353931, 40
1728540921.369815, 42
1728540921.381657, 42
1728540921.393305, 41
1728540921.405256, 41
1728540921.418077, 41
1728540921.432923, 41
1728540921.450679, 41
1728540921.463834, 41
1728540921.475712, 39
1728540921.487696, 40
1728540921.499344, 39
1728540921.512926, 41
1728540921.525129, 40
1728540921.539917, 40
1728540921.551560, 41
1728540921.563277, 40
1728540921.574969, 40
1728540921.589278, 41
1728540921.603198, 43
1728540921.614849, 42
1728540921.632112, 43
1728540921.645325, 43
1728540921.657084, 40
1728540921.668698, 41
1728540921.680611, 43
1728540921.693995, 42
1728540921.706017, 39
1728540921.739932, 43
1728540921.754106, 42
1728540921.768896, 42
1728540921.781880, 42
1728540921.797424, 42
1728540921.813735, 42
1728540921.829434, 44
1728540921.841144, 43
1728540921.852855, 42
1728540921.864640, 43
1728540921.877914, 43
1728540921.892584, 42
1728540921.906967, 43
1728540921.921653, 44
1728540921.935068, 43
1728540921.948669, 43
1728540921.962407, 42
1728540921.974154, 44
1728540921.985812, 41
1728540921.997513, 42
1728540922.009848, 44
1728540922.021833, 43
1728540922.042995, 43
1728540922.056072, 44
1728540922.069813, 43
1728540922.086783, 44
1728540922.098581, 42
1728540922.113344, 45
1728540922.134082, 43
1728540922.151204, 46
1728540922.173060, 43
1728540922.191735, 43
1728540922.206010, 43
1728540922.218730, 44
1728540922.231353, 43
1728540922.242992, 44
1728540922.254741, 43
1728540922.266999, 44
1728540922.281501, 45
1728540922.295355, 45
1728540922.309287, 46
1728540922.321037, 45
1728540922.335819, 44
1728540922.347519, 45
1728540922.359345, 45
1728540922.370986, 46
1728540922.384195, 45
1728540922.397354, 46
1728540922.411832, 44
1728540922.434271, 45
1728540922.445997, 44
1728540922.457899, 45
1728540922.469502, 44
1728540922.482028, 44
1728540922.494594, 44
1728540922.510252, 44
1728540922.527810, 46
1728540922.545915, 46
1728540922.561894, 46
1728540922.573896, 46
1728540922.599956, 46
1728540922.612307, 45
1728540922.624922, 46
1728540922.637050, 46
1728540922.648961, 46
1728540922.664526, 45
1728540922.678787, 44
1728540922.690590, 45
1728540922.702262, 45
1728540922.714008, 46
1728540922.727402, 46
1728540922.741263, 46
1728540922.753797, 45
1728540922.766815, 45
1728540922.778452, 46
1728540922.790275, 45
1728540922.801987, 46
1728540922.814853, 46
1728540922.826945, 46
1728540922.843315, 46
1728540922.859901, 47
1728540922.871730, 47
1728540922.891922, 46
1728540922.903789, 47
1728540922.915501, 45
1728540922.927572, 46
1728540922.939480, 46
1728540922.951416, 46
1728540922.968718, 47
1728540922.983200, 46
1728540922.995693, 46
1728540923.007617, 47
1728540923.019623, 46
1728540923.031201, 47
1728540923.043819, 47
1728540923.056677, 48
1728540923.071873, 47
1728540923.083624, 47
1728540923.096710, 48
1728540923.108629, 48
1728540923.120396, 48
1728540923.132711, 48
1728540923.145422, 47
1728540923.157718, 49
1728540923.169799, 47
1728540923.181661, 48
1728540923.194828, 46
1728540923.208333, 48
1728540923.222437, 48
1728540923.237437, 47
1728540923.249041, 48
1728540923.260753, 48
1728540923.272887, 49
1728540923.287287, 48
1728540923.301752, 49
1728540923.315036, 49
1728540923.327718, 49
1728540923.345164, 49
1728540923.359786, 49
1728540923.371421, 49
1728540923.383163, 48
1728540923.395173, 48
1728540923.407244, 48
1728540923.419552, 47
1728540923.435991, 48
1728540923.447650, 48
1728540923.459307, 49
1728540923.471046, 47
1728540923.482672, 48
1728540923.495295, 48
1728540923.508439, 49
1728540923.520249, 49
1728540923.532000, 50
1728540923.543880, 49
1728540923.555493, 49
1728540923.567861, 50
1728540923.581715, 49
1728540923.596290, 49
1728540923.607877, 49
1728540923.619626, 50
1728540923.631653, 47
1728540923.647900, 49
1728540923.662000, 48
1728540923.674442, 49
1728540923.686458, 49
1728540923.700935, 50
1728540923.713804, 49
1728540923.731614, 49
1728540923.747217, 50
1728540923.762385, 51
1728540923.776496, 51
1728540923.788416, 51
1728540923.800328, 51
1728540923.812146, 51
1728540923.826005, 50
1728540923.837834, 50
1728540923.851692, 50
1728540923.867633, 50
1728540923.879313, 49
1728540923.891427, 50
1728540923.903203, 50
1728540923.915366, 49
1728540923.929337, 50
1728540923.943184, 50
1728540923.957258, 49
1728540923.971192, 50
1728540923.985079, 51
1728540923.998932, 51
1728540924.011229, 51
1728540924.025675, 51
1728540924.039454, 51
1728540924.051200, 51
1728540924.062901, 52
1728540924.075733, 51
1728540924.090710, 52
1728540924.105516, 50
1728540924.117944, 50
1728540924.132688, 50
1728540924.144368, 51
1728540924.156201, 52
1728540924.168049, 51
1728540924.180786, 53
1728540924.195043, 51
1728540924.209614, 50
1728540924.222353, 51
1728540924.234939, 53
1728540924.252867, 52
1728540924.267687, 52
1728540924.279589, 52
1728540924.291348, 52
1728540924.303462, 52
1728540924.318371, 53
1728540924.330337, 52
1728540924.344608, 52
1728540924.360449, 51
1728540924.375612, 52
1728540924.387355, 51
1728540924.398992, 50
1728540924.410615, 50
1728540924.423008, 51
1728540924.435770, 51
1728540924.451594, 52
1728540924.466866, 53
1728540924.479673, 53
1728540924.491434, 52
1728540924.503585, 53
1728540924.515728, 54
1728540924.529706, 53
1728540924.544604, 53
1728540924.556856, 53
1728540924.571369, 53
1728540924.583221, 54
1728540924.595508, 50
1728540924.607184, 52
1728540924.620203, 52
1728540924.635554, 52
1728540924.650440, 51
1728540924.664408, 54
1728540924.677096, 53
1728540924.688658, 51
1728540924.700314, 52
1728540924.713654, 52
1728540924.727727, 54
1728540924.742262, 54
1728540924.754464, 56
1728540924.773121, 53
1728540924.792008, 53
1728540924.806295, 54
1728540924.818828, 53
1728540924.832417, 54
1728540924.844078, 53
1728540924.855736, 54
1728540924.867651, 54
1728540924.880015, 53
1728540924.892784, 52
1728540924.907348, 53
1728540924.919108, 52
1728540924.931025, 54
1728540924.942888, 52
1728540924.954715, 53
1728540924.966641, 54
1728540924.981209, 55
1728540924.996613, 53
1728540925.011816, 54
1728540925.023745, 55
1728540925.036175, 55
1728540925.047954, 56
1728540925.060447, 55
1728540925.074020, 56
1728540925.089001, 55
1728540925.100880, 54
1728540925.112707, 53
1728540925.124480, 54
1728540925.136884, 55
1728540925.150071, 54
1728540925.165586, 54
1728540925.182460, 54
1728540925.198135, 54
1728540925.213375, 54
1728540925.225074, 56
1728540925.237173, 55
1728540925.249051, 55
1728540925.262583, 56
1728540925.280259, 55
1728540925.292459, 54
1728540925.304450, 55
1728540925.316501, 56
1728540925.328875, 56
1728540925.341287, 56
1728540925.356592, 56
1728540925.370274, 55
1728540925.382163, 55
1728540925.394294, 54
1728540925.406059, 55
1728540925.418003, 56
1728540925.432669, 55
1728540925.446889, 55
1728540925.458640, 53
1728540925.470529, 55
1728540925.482886, 55
1728540925.495533, 58
1728540925.507533, 57
1728540925.519878, 58
1728540925.531667, 58
1728540925.543422, 57
1728540925.557104, 57
1728540925.569128, 57
1728540925.584103, 58
1728540925.599051, 56
1728540925.613930, 56
1728540925.625931, 56
1728540925.637799, 57
1728540925.650001, 57
1728540925.661780, 56
1728540925.676262, 55
1728540925.694928, 58
1728540925.707549, 56
1728540925.721357, 57
1728540925.734784, 56
1728540925.746470, 57
1728540925.758440, 57
1728540925.772906, 58
1728540925.790789, 57
1728540925.806055, 57
1728540925.817852, 58
1728540925.829603, 58
1728540925.841415, 58
1728540925.853962, 57
1728540925.868128, 57
1728540925.882741, 56
1728540925.900171, 56
1728540925.915344, 57
1728540925.929371, 57
1728540925.941057, 55
1728540925.952824, 55
1728540925.964504, 57
1728540925.976596, 57
1728540925.991376, 57
1728540926.006370, 58
1728540926.018624, 59
1728540926.030416, 57
1728540926.042134, 57
1728540926.062071, 58
1728540926.074688, 57
1728540926.087030, 59
1728540926.099272, 59
1728540926.115174, 58
1728540926.127917, 58
1728540926.141671, 58
1728540926.154638, 57
1728540926.166535, 57
1728540926.178663, 58
1728540926.191561, 58
1728540926.205243, 58
1728540926.219191, 58
1728540926.233608, 57
1728540926.248217, 57
1728540926.263495, 59
1728540926.279461, 58
1728540926.291407, 58
1728540926.303310, 57
1728540926.315115, 57
1728540926.328581, 58
1728540926.340267, 58
1728540926.352055, 59
1728540926.363971, 57
1728540926.375928, 58
1728540926.388551, 58
1728540926.401379, 56
1728540926.417396, 57
1728540926.429219, 57
1728540926.440867, 57
1728540926.452506, 57
1728540926.465551, 58
1728540926.477882, 56
1728540926.493869, 57
1728540926.510112, 57
1728540926.524600, 57
1728540926.536574, 58
1728540926.548336, 56
1728540926.560361, 57
1728540926.572523, 57
1728540926.592072, 55
1728540926.606106, 49
1728540926.621267, 44
1728540926.635555, 38
1728540926.649347, 34
1728540926.663234, 29
1728540926.677405, 25
1728540926.691625, 25
1728540926.705619, 25
1728540926.719445, 26
1728540926.732632, 26
1728540926.744733, 25
1728540926.757334, 27
1728540926.769385, 27
1728540926.781574, 28
1728540926.793197, 28
1728540926.806603, 28
1728540926.823500, 26
1728540926.835670, 26
1728540926.851566, 25
1728540926.866580, 25
1728540926.879362, 28
1728540926.891346, 26
1728540926.902991, 26
1728540926.915897, 26
1728540926.931652, 27
1728540926.945458, 29
1728540926.958878, 28
1728540926.973788, 28
1728540926.987412, 28
1728540926.999929, 29
1728540927.021050, 28
1728540927.035336, 27
1728540927.049994, 26
1728540927.062989, 27
1728540927.075922, 26
1728540927.088255, 28
1728540927.102050, 27
1728540927.117040, 29
1728540927.130501, 27
1728540927.143480, 28
1728540927.155514, 30
1728540927.167582, 30
1728540927.179812, 30
1728540927.192491, 29
1728540927.206372, 30
1728540927.218062, 30
1728540927.229785, 28
1728540927.241371, 29
1728540927.252995, 28
1728540927.266957, 29
1728540927.281363, 29
1728540927.294405, 29
1728540927.307926, 29
1728540927.320479, 29
1728540927.332389, 30
1728540927.344723, 28
1728540927.357178, 30
1728540927.374372, 32
1728540927.386687, 31
1728540927.398854, 31
1728540927.410751, 30
1728540927.422597, 31
1728540927.436049, 30
1728540927.451873, 30
1728540927.467169, 29
1728540927.479247, 30
1728540927.491947, 29
1728540927.503616, 30
1728540927.515363, 28
1728540927.527011, 29
1728540927.541041, 31
1728540927.552916, 31
1728540927.568099, 31
1728540927.581067, 31
1728540927.593032, 31
1728540927.605962, 31
1728540927.618471, 32
1728540927.633930, 31
1728540927.648586, 31
1728540927.662146, 31
1728540927.674052, 32
1728540927.685746, 31
1728540927.697583, 31
1728540927.711456, 33
1728540927.725220, 32
1728540927.736816, 30
1728540927.753245, 32
1728540927.765133, 33
1728540927.776894, 33
1728540927.788869, 32
1728540927.802315, 31
1728540927.815500, 32
1728540927.828259, 33
1728540927.840012, 32
1728540927.852486, 32
1728540927.864157, 32
1728540927.876809, 31
1728540927.890390, 33
1728540927.904191, 32
1728540927.915897, 32
1728540927.927558, 31
1728540927.939667, 33
1728540927.953074, 33
1728540927.965859, 33
1728540927.978547, 33
1728540927.990216, 32
1728540928.001905, 33
1728540928.014180, 35
1728540928.027364, 33
1728540928.039767, 32
1728540928.051491, 34
1728540928.063266, 34
1728540928.076237, 33
1728540928.093616, 34
1728540928.106276, 32
1728540928.120185, 34
1728540928.132006, 33
1728540928.143606, 34
1728540928.155785, 34
1728540928.169370, 35
1728540928.184150, 34
1728540928.195791, 35
1728540928.207665, 34
1728540928.219425, 34
1728540928.232141, 34
1728540928.244132, 33
1728540928.257666, 34
1728540928.269438, 34
1728540928.281450, 35
1728540928.293838, 34
1728540928.307124, 34
1728540928.319535, 34
1728540928.334802, 34
1728540928.347712, 35
1728540928.359744, 35
1728540928.371636, 35
1728540928.384227, 35
1728540928.396979, 37
1728540928.411955, 37
1728540928.425524, 36
1728540928.437393, 34
1728540928.449106, 35
1728540928.460829, 35
1728540928.476873, 36
1728540928.492525, 35
1728540928.504666, 34
1728540928.518847, 35
1728540928.531780, 35
1728540928.543506, 35
1728540928.555517, 36
1728540928.568370, 37
1728540928.582308, 37
1728540928.598710, 37
1728540928.613707, 36
1728540928.627520, 36
1728540928.641044, 38
1728540928.655997, 36
1728540928.667727, 36
1728540928.679543, 35
1728540928.691432, 37
1728540928.703464, 37
1728540928.716186, 36
1728540928.731661, 37
1728540928.747526, 36
1728540928.762779, 36
1728540928.779928, 36
1728540928.791684, 37
1728540928.803602, 37
1728540928.815365, 38
1728540928.829377, 37
1728540928.842423, 39
1728540928.855182, 38
1728540928.866897, 38
1728540928.878729, 37
1728540928.890410, 37
1728540928.903786, 37
1728540928.919785, 39
1728540928.936348, 37
1728540928.952440, 38
1728540928.968642, 37
1728540928.984141, 38
1728540928.995821, 38
1728540929.007455, 38
1728540929.019103, 37
1728540929.032205, 39
1728540929.046247, 38
1728540929.070429, 38
1728540929.082298, 40
1728540929.094082, 40
1728540929.106836, 38
1728540929.120126, 38
1728540929.134882, 39
1728540929.148050, 39
1728540929.159912, 38
1728540929.171660, 38
1728540929.183355, 39
1728540929.196736, 38
1728540929.210729, 39
1728540929.224533, 40
1728540929.236177, 40
1728540929.251683, 40
1728540929.266809, 40
1728540929.282795, 39
1728540929.294545, 39
1728540929.306281, 39
1728540929.317935, 39
1728540929.332381, 39
1728540929.346339, 40
1728540929.358814, 39
1728540929.372505, 39
1728540929.388049, 39
1728540929.400955, 40
1728540929.412593, 39
1728540929.425879, 39
1728540929.439432, 41
1728540929.451777, 40
1728540929.464931, 40
1728540929.476840, 40
1728540929.488595, 40
1728540929.500277, 41
1728540929.513347, 41
1728540929.527256, 41
1728540929.541384, 38
1728540929.553463, 39
1728540929.569425, 40
1728540929.581597, 41
1728540929.593404, 41
1728540929.605780, 40
1728540929.620849, 41
1728540929.636304, 40
1728540929.648076, 40
1728540929.659794, 40
1728540929.671497, 41
1728540929.696775, 41
1728540929.708666, 42
1728540929.720408, 41
1728540929.732109, 40
1728540929.744058, 42
1728540929.757201, 41
1728540929.772276, 40
1728540929.783990, 40
1728540929.795620, 42
1728540929.807665, 42
1728540929.822313, 42
1728540929.836184, 42
1728540929.850003, 41
1728540929.862333, 41
1728540929.876068, 41
1728540929.887970, 43
1728540929.899818, 40
1728540929.911572, 41
1728540929.923375, 43
1728540929.935643, 44
1728540929.949139, 43
1728540929.962011, 43
1728540929.974528, 43
1728540929.986277, 42
1728540929.998257, 42
1728540930.012175, 42
1728540930.026380, 42
1728540930.038339, 42
1728540930.051004, 42
1728540930.062960, 42
1728540930.075595, 42
1728540930.087336, 42
1728540930.101179, 43
1728540930.115819, 43
1728540930.128795, 43
1728540930.141157, 44
1728540930.153208, 44
1728540930.165173, 43
1728540930.179516, 44
1728540930.193750, 44
1728540930.207300, 44
1728540930.220523, 44
1728540930.234792, 42
1728540930.246543, 42
1728540930.258677, 41
1728540930.270314, 41
1728540930.282970, 43
1728540930.297616, 42
1728540930.310462, 43
1728540930.323093, 43
1728540930.337295, 43
1728540930.349009, 43
1728540930.360667, 44
1728540930.372266, 44
1728540930.386330, 44
1728540930.400136, 45
1728540930.414056, 45
1728540930.427175, 44
1728540930.440282, 43
1728540930.452024, 45
1728540930.464030, 44
1728540930.476042, 43
1728540930.489144, 44
1728540930.501948, 44
1728540930.515630, 43
1728540930.527355, 43
1728540930.538988, 42
1728540930.550597, 44
1728540930.562658, 45
1728540930.576958, 44
1728540930.591385, 45
1728540930.603084, 45
1728540930.616744, 45
1728540930.628586, 46
1728540930.641393, 46
1728540930.656591, 46
1728540930.671489, 45
1728540930.685689, 45
1728540930.699786, 46
1728540930.715626, 46
1728540930.729847, 44
1728540930.741578, 46
1728540930.756030, 44
1728540930.767727, 45
1728540930.779398, 43
1728540930.791086, 45
1728540930.803989, 45
1728540930.817837, 45
1728540930.833695, 46
1728540930.847701, 46
1728540930.859451, 47
1728540930.871576, 46
1728540930.883787, 46
1728540930.895457, 47
1728540930.907424, 47
1728540930.920113, 45
1728540930.934666, 46
1728540930.948353, 45
1728540930.960149, 47
1728540930.972124, 46
1728540930.984009, 46
1728540930.996711, 45
1728540931.009997, 46
1728540931.024948, 46
1728540931.038802, 45
1728540931.050619, 46
1728540931.062387, 47
1728540931.074740, 47
1728540931.087207, 46
1728540931.103430, 47
1728540931.117372, 47
1728540931.129185, 47
1728540931.140957, 48
1728540931.153089, 48
1728540931.166740, 48
1728540931.181726, 46
1728540931.193539, 47
1728540931.205190, 47
1728540931.216971, 47
1728540931.229819, 48
1728540931.243899, 48
1728540931.257792, 47
1728540931.269612, 47
1728540931.283819, 46
1728540931.296531, 48
1728540931.308377, 48
1728540931.320153, 47
1728540931.332455, 47
1728540931.344266, 48
1728540931.356363, 48
1728540931.368000, 49
1728540931.379622, 48
1728540931.391245, 48
1728540931.404362, 50
1728540931.419429, 47
1728540931.435071, 47
1728540931.447126, 48
1728540931.459196, 48
1728540931.471406, 47
1728540931.483401, 47
1728540931.497418, 48
1728540931.511311, 48
1728540931.526366, 48
1728540931.539153, 50
1728540931.550943, 50
1728540931.564600, 49
1728540931.579239, 49
1728540931.590878, 49
1728540931.602654, 49
1728540931.615955, 48
1728540931.627919, 48
1728540931.643229, 50
1728540931.658184, 49
1728540931.670392, 48
1728540931.682334, 49
1728540931.694100, 48
1728540931.714168, 48
1728540931.727397, 49
1728540931.746480, 48
1728540931.759375, 49
1728540931.771010, 49
1728540931.783360, 48
1728540931.795353, 50
1728540931.809210, 50
1728540931.823155, 50
1728540931.837018, 49
1728540931.849163, 49
1728540931.860916, 49
1728540931.872817, 50
1728540931.884783, 49
1728540931.897499, 49
1728540931.911389, 48
1728540931.924725, 50
1728540931.940200, 49
1728540931.957540, 49
1728540931.972522, 49
1728540931.986317, 50
1728540931.998029, 50
1728540932.009879, 50
1728540932.023300, 49
1728540932.035401, 50
1728540932.047997, 50
1728540932.062026, 52
1728540932.077813, 50
1728540932.092354, 50
1728540932.105217, 51
1728540932.117781, 50
1728540932.129507, 51
1728540932.143566, 50
1728540932.157415, 50
1728540932.173731, 49
1728540932.187956, 50
1728540932.202060, 50
1728540932.213919, 52
1728540932.227687, 50
1728540932.239334, 50
1728540932.251043, 49
1728540932.264498, 51
1728540932.277200, 51
1728540932.292949, 52
1728540932.305230, 52
1728540932.317024, 49
1728540932.328647, 50
1728540932.341171, 52
1728540932.353065, 53
1728540932.365819, 52
1728540932.377913, 52
1728540932.389607, 50
1728540932.401623, 51
1728540932.413355, 51
1728540932.430831, 51
1728540932.445926, 51
1728540932.462035, 52
1728540932.478913, 53
1728540932.493658, 52
1728540932.506591, 53
1728540932.518459, 52
1728540932.530089, 53
1728540932.544197, 52
1728540932.558759, 52
1728540932.572873, 53
1728540932.587191, 53
1728540932.601338, 53
1728540932.614235, 53
1728540932.626179, 52
1728540932.638144, 53
1728540932.649797, 53
1728540932.663053, 53
1728540932.674760, 52
1728540932.689534, 50
1728540932.701334, 52
1728540932.713264, 51
1728540932.725242, 52
1728540932.737982, 52
1728540932.751888, 53
1728540932.764373, 54
1728540932.776961, 54
1728540932.791633, 53
1728540932.803729, 54
1728540932.815482, 54
1728540932.827275, 54
1728540932.840870, 54
1728540932.853994, 53
1728540932.867131, 54
1728540932.883040, 53
1728540932.894930, 52
1728540932.906701, 52
1728540932.918583, 53
1728540932.932605, 53
1728540932.946679, 53
1728540932.960626, 53
1728540932.974979, 52
1728540932.987633, 52
1728540933.002464, 54
1728540933.019733, 53
1728540933.031410, 53
1728540933.043388, 54
1728540933.055292, 53
1728540933.067607, 54
1728540933.081557, 54
1728540933.094239, 53
1728540933.111452, 55
1728540933.123275, 55
1728540933.136023, 53
1728540933.147816, 55
1728540933.159915, 55
1728540933.173283, 53
1728540933.188834, 53
1728540933.204041, 54
1728540933.219414, 54
1728540933.237125, 53
1728540933.251527, 54
1728540933.263506, 54
1728540933.276081, 56
1728540933.288016, 55
1728540933.300695, 55
1728540933.313647, 54
1728540933.328772, 54
1728540933.340583, 56
1728540933.352244, 54
1728540933.364015, 55
1728540933.376681, 55
1728540933.390718, 55
1728540933.404590, 54
1728540933.418741, 55
1728540933.432620, 54
1728540933.446789, 54
1728540933.460860, 55
1728540933.483819, 55
1728540933.495618, 55
1728540933.507431, 55
1728540933.519262, 55
1728540933.532805, 57
1728540933.547207, 55
1728540933.561116, 55
1728540933.574935, 56
1728540933.586604, 56
1728540933.598634, 57
1728540933.611566, 56
1728540933.623314, 55
1728540933.635777, 56
1728540933.647963, 56
1728540933.666641, 56
1728540933.680778, 55
1728540933.693430, 54
1728540933.707799, 56
1728540933.723360, 55
1728540933.739747, 55
1728540933.753935, 55
1728540933.765702, 56
1728540933.777781, 54
1728540933.789507, 56
1728540933.802833, 57
1728540933.815103, 56
1728540933.829167, 56
1728540933.842731, 56
1728540933.854373, 57
1728540933.866168, 56
1728540933.878034, 56
1728540933.891840, 58
1728540933.904424, 57
1728540933.919114, 56
1728540933.930949, 56
1728540933.943879, 57
1728540933.955760, 55
1728540933.967942, 56
1728540933.980092, 55
1728540933.995198, 56
1728540934.006919, 57
1728540934.018744, 57
1728540934.030615, 57
1728540934.044708, 56
1728540934.061486, 58
1728540934.075904, 58
1728540934.088822, 57
1728540934.103424, 58
1728540934.117640, 57
1728540934.129473, 57
1728540934.141543, 59
1728540934.153532, 57
1728540934.165697, 58
1728540934.179665, 57
1728540934.191439, 56
1728540934.207045, 58
1728540934.218950, 59
1728540934.231179, 56
1728540934.243351, 58
1728540934.255363, 56
1728540934.269546, 58
1728540934.284460, 57
1728540934.296322, 57
1728540934.308046, 57
1728540934.319794, 59
1728540934.332063, 58
1728540934.345215, 58
1728540934.360877, 58
1728540934.376633, 59
1728540934.388389, 59
1728540934.400483, 57
1728540934.412092, 57
1728540934.423829, 58
1728540934.436838, 59
1728540934.448483, 57
1728540934.460391, 56
1728540934.472107, 57
1728540934.484770, 58
1728540934.500617, 58
1728540934.514204, 57
1728540934.529786, 58
1728540934.541422, 58
1728540934.553291, 58
1728540934.565190, 59
1728540934.578162, 60
1728540934.592115, 58
1728540934.606088, 59
1728540934.619984, 59
1728540934.634204, 58
1728540934.645900, 58
1728540934.657580, 58
1728540934.670472, 59
1728540934.682224, 60
1728540934.695910, 59
1728540934.708521, 58
1728540934.720620, 57
1728540934.733788, 58
1728540934.746547, 58
1728540934.758515, 58
1728540934.771250, 56
1728540934.784122, 57
1728540934.799016, 58
1728540934.810731, 58
1728540934.822369, 55
1728540934.834112, 58
1728540934.846737, 57
1728540934.861230, 57
1728540934.873677, 56
1728540934.888438, 55
1728540934.903503, 56
1728540934.915349, 56
1728540934.927122, 54
1728540934.938841, 49
1728540934.951524, 45
1728540934.964490, 39
1728540934.976340, 34
1728540934.988075, 30
1728540935.002982, 27
1728540935.022186, 26
1728540935.036177, 27
1728540935.049176, 26
1728540935.063258, 27
1728540935.078837, 28
1728540935.091929, 27
1728540935.104085, 28
1728540935.116070, 28
1728540935.128715, 27
1728540935.142766, 27
1728540935.156847, 27
1728540935.168811, 27
1728540935.185417, 26
1728540935.197415, 27
1728540935.209177, 26
1728540935.221041, 26
1728540935.234998, 27
1728540935.250463, 27
1728540935.266162, 29
1728540935.279620, 29
1728540935.293614, 28
1728540935.305528, 29
1728540935.317316, 30
1728540935.329401, 29
1728540935.343299, 29
1728540935.357893, 28
1728540935.371943, 28
1728540935.385903, 30
1728540935.399600, 28
1728540935.412296, 28
1728540935.427326, 29
1728540935.438999, 28
1728540935.450645, 30
1728540935.462501, 30
1728540935.474631, 30
1728540935.488921, 31
1728540935.503964, 30
1728540935.515576, 29
1728540935.527228, 28
1728540935.538924, 28
1728540935.551578, 29
1728540935.565109, 30
1728540935.579379, 30
1728540935.591296, 29
1728540935.602994, 28
1728540935.614585, 29
1728540935.630174, 29
1728540935.642394, 30
1728540935.656817, 31
1728540935.673700, 31
1728540935.691194, 30
1728540935.706117, 30
1728540935.718177, 30
1728540935.730130, 30
1728540935.742067, 31
1728540935.755316, 30
1728540935.770790, 30
1728540935.786581, 30
1728540935.801482, 30
1728540935.815558, 31
1728540935.827387, 32
1728540935.839397, 32
1728540935.851298, 32
1728540935.864467, 31
1728540935.877011, 32
1728540935.891838, 32
1728540935.903611, 32
1728540935.915449, 33
1728540935.927306, 31
1728540935.939417, 32
1728540935.953432, 31
1728540935.965437, 31
1728540935.977165, 32
1728540935.988850, 30
1728540936.000625, 32
1728540936.023573, 31
1728540936.040891, 33
1728540936.055298, 34
1728540936.067591, 32
1728540936.079237, 34
1728540936.093238, 32
1728540936.105887, 33
1728540936.120197, 32
1728540936.131871, 33
1728540936.143728, 33
1728540936.155437, 32
1728540936.168590, 33
1728540936.181424, 32
1728540936.196863, 33
1728540936.212313, 33
1728540936.224771, 33
1728540936.242218, 34
1728540936.256032, 34
1728540936.267802, 32
1728540936.279456, 33
1728540936.291281, 35
1728540936.305497, 35
1728540936.317725, 32
1728540936.332405, 34
1728540936.346618, 33
1728540936.360158, 33
1728540936.373665, 34
1728540936.385987, 35
1728540936.397672, 35
1728540936.409519, 35
1728540936.421270, 34
1728540936.436319, 33
1728540936.452070, 36
1728540936.467650, 36
1728540936.484308, 35
1728540936.499078, 36
1728540936.512260, 35
1728540936.524450, 36
1728540936.537851, 35
1728540936.550306, 35
1728540936.562454, 35
1728540936.575233, 34
1728540936.588504, 36
1728540936.605315, 35
1728540936.623349, 35
1728540936.638457, 36
1728540936.651263, 36
1728540936.663090, 36
1728540936.677223, 35
1728540936.689511, 35
1728540936.702868, 36
1728540936.718652, 36
1728540936.732272, 36
1728540936.744343, 35
1728540936.756118, 35
1728540936.768117, 35
1728540936.783293, 35
1728540936.795099, 35
1728540936.809550, 36
1728540936.821311, 37
1728540936.833066, 35
1728540936.844769, 36
1728540936.859824, 39
1728540936.873214, 36
1728540936.886828, 36
1728540936.900684, 37
1728540936.912498, 38
1728540936.924396, 38
1728540936.936227, 37
1728540936.948575, 36
1728540936.962203, 36
1728540936.976049, 37
1728540936.989032, 36
1728540937.000746, 34
1728540937.012418, 37
1728540937.024675, 38
1728540937.037550, 37
1728540937.051209, 37
1728540937.063167, 39
1728540937.075405, 39
1728540937.100152, 38
1728540937.113462, 38
1728540937.125475, 38
1728540937.137246, 39
1728540937.149674, 38
1728540937.163669, 37
1728540937.178234, 37
1728540937.191941, 37
1728540937.203596, 38
1728540937.215378, 37
1728540937.227166, 36
1728540937.239437, 37
1728540937.253957, 38
1728540937.268995, 38
1728540937.280735, 39
1728540937.292532, 40
1728540937.305342, 41
1728540937.319446, 40
1728540937.332000, 39
1728540937.345675, 39
1728540937.357391, 40
1728540937.369421, 40
1728540937.381230, 38
1728540937.394160, 39
1728540937.406820, 39
1728540937.423914, 39
1728540937.438157, 39
1728540937.452039, 37
1728540937.467782, 39
1728540937.481821, 40
1728540937.494012, 40
1728540937.508080, 41
1728540937.519733, 40
1728540937.531549, 41
1728540937.544769, 41
1728540937.558311, 39
1728540937.572701, 40
1728540937.587688, 40
1728540937.599448, 39
1728540937.611352, 39
1728540937.624318, 39
1728540937.639236, 40
1728540937.654298, 40
1728540937.673122, 41
1728540937.684874, 40
1728540937.696584, 41
1728540937.708277, 40
1728540937.722104, 43
1728540937.735306, 42
1728540937.749039, 41
1728540937.763561, 42
1728540937.781371, 42
1728540937.793886, 42
1728540937.808955, 41
1728540937.821964, 40
1728540937.833810, 41
1728540937.845689, 41
1728540937.858731, 40
1728540937.871631, 42
1728540937.885182, 41
1728540937.898563, 40
1728540937.910388, 41
1728540937.922105, 40
1728540937.934909, 40
1728540937.946801, 42
1728540937.959463, 42
1728540937.972939, 42
1728540937.984991, 41
1728540937.996778, 43
1728540938.008518, 43
1728540938.021208, 42
1728540938.034366, 41
1728540938.048182, 42
1728540938.060284, 41
1728540938.072900, 42
1728540938.085999, 42
1728540938.100011, 41
1728540938.112054, 42
1728540938.127799, 43
1728540938.139568, 41
1728540938.151274, 42
1728540938.162923, 42
1728540938.176438, 43
1728540938.190325, 44
1728540938.204295, 43
1728540938.218070, 44
1728540938.231965, 43
1728540938.245831, 43
1728540938.259000, 42
1728540938.273707, 42
1728540938.285683, 43
1728540938.297899, 43
1728540938.309478, 42
1728540938.321388, 44
1728540938.335243, 43
1728540938.348892, 43
1728540938.362631, 42
1728540938.378188, 41
1728540938.389807, 43
1728540938.401469, 43
1728540938.413151, 43
1728540938.425708, 44
1728540938.437566, 44
1728540938.450069, 44
1728540938.461728, 45
1728540938.473596, 44
1728540938.485809, 45
1728540938.499900, 43
1728540938.513119, 43
1728540938.525856, 42
1728540938.537769, 44
1728540938.549696, 45
1728540938.563033, 42
1728540938.578007, 44
1728540938.593140, 43
1728540938.608147, 44
1728540938.622249, 45
1728540938.634939, 45
1728540938.647914, 45
1728540938.659813, 46
1728540938.671807, 43
1728540938.683553, 44
1728540938.695998, 46
1728540938.709764, 46
1728540938.724371, 45
1728540938.738178, 44
1728540938.751448, 45
