1728540982.962811, 0
1728540982.978928, 0
1728540982.992285, 0
1728540983.004431, 0
1728540983.018869, 0
1728540983.031351, 1
1728540983.046120, 7
1728540983.062111, 6
1728540983.074796, 11
1728540983.086790, 13
1728540983.098412, 15
1728540983.110573, 17
1728540983.122692, 20
1728540983.138588, 25
1728540983.156636, 29
1728540983.174161, 32
1728540983.189743, 37
1728540983.202036, 40
1728540983.220032, 40
1728540983.238278, 40
1728540983.252149, 40
1728540983.264414, 39
1728540983.278614, 40
1728540983.293945, 40
1728540983.310529, 40
1728540983.322167, 39
1728540983.333899, 40
1728540983.345633, 40
1728540983.359138, 40
1728540983.371508, 40
1728540983.388962, 39
1728540983.403138, 38
1728540983.416970, 38
1728540983.429364, 38
1728540983.444497, 38
1728540983.456178, 38
1728540983.468239, 38
1728540983.480074, 37
1728540983.493087, 40
1728540983.506867, 40
1728540983.519035, 39
1728540983.532733, 40
1728540983.545405, 39
1728540983.557243, 38
1728540983.569231, 36
1728540983.581240, 38
1728540983.597203, 38
1728540983.611784, 39
1728540983.626678, 37
1728540983.641476, 37
1728540983.654534, 37
1728540983.670049, 37
1728540983.682988, 38
1728540983.695487, 35
1728540983.707496, 37
1728540983.721049, 40
1728540983.734044, 37
1728540983.746920, 34
1728540983.758538, 36
1728540983.770175, 38
1728540983.781832, 37
1728540983.793614, 34
1728540983.807543, 33
1728540983.821814, 34
1728540983.833464, 35
1728540983.846313, 36
1728540983.862908, 37
1728540983.876928, 36
1728540983.890886, 35
1728540983.902985, 33
1728540983.916883, 34
1728540983.932487, 32
1728540983.946977, 31
1728540983.958979, 32
1728540983.970891, 31
1728540983.983788, 28
1728540983.995622, 29
1728540984.009673, 29
1728540984.024574, 28
1728540984.038546, 27
1728540984.053382, 28
1728540984.065432, 27
1728540984.079273, 27
1728540984.090942, 28
1728540984.102607, 29
1728540984.115542, 28
1728540984.129907, 28
1728540984.142475, 28
1728540984.160403, 29
1728540984.172340, 29
1728540984.184783, 30
1728540984.196865, 29
1728540984.210001, 30
1728540984.226475, 29
1728540984.240678, 28
1728540984.256410, 29
1728540984.268557, 28
1728540984.282852, 29
1728540984.294824, 30
1728540984.306668, 31
1728540984.318512, 32
1728540984.332219, 31
1728540984.345085, 31
1728540984.362143, 32
1728540984.378284, 32
1728540984.392484, 31
1728540984.404927, 31
1728540984.416924, 31
1728540984.429642, 29
1728540984.441802, 31
1728540984.456409, 30
1728540984.473255, 31
1728540984.485172, 31
1728540984.497092, 29
1728540984.509053, 30
1728540984.521581, 30
1728540984.534361, 30
1728540984.547973, 32
1728540984.560290, 32
1728540984.572296, 31
1728540984.585152, 31
1728540984.597006, 33
1728540984.609270, 32
1728540984.621169, 31
1728540984.633323, 31
1728540984.646334, 31
1728540984.660078, 31
1728540984.671967, 32
1728540984.684151, 31
1728540984.697195, 31
1728540984.709880, 31
1728540984.727261, 32
1728540984.739087, 33
1728540984.752557, 32
1728540984.767034, 34
1728540984.779536, 33
1728540984.795610, 33
1728540984.808826, 32
1728540984.826970, 33
1728540984.839934, 32
1728540984.853859, 32
1728540984.865734, 33
1728540984.877941, 33
1728540984.893591, 34
1728540984.910619, 32
1728540984.926311, 33
1728540984.940578, 35
1728540984.952433, 34
1728540984.964224, 34
1728540984.987279, 33
1728540985.001438, 33
1728540985.013146, 33
1728540985.025056, 34
1728540985.036801, 32
1728540985.049016, 33
1728540985.062191, 34
1728540985.077746, 34
1728540985.090479, 33
1728540985.102303, 34
1728540985.114450, 33
1728540985.126070, 34
1728540985.139017, 35
1728540985.150846, 35
1728540985.163687, 37
1728540985.175618, 36
1728540985.187414, 37
1728540985.200964, 37
1728540985.214012, 37
1728540985.226784, 34
1728540985.241825, 34
1728540985.256929, 35
1728540985.271994, 34
1728540985.288748, 35
1728540985.302055, 36
1728540985.314823, 34
1728540985.326487, 32
1728540985.338220, 34
1728540985.350209, 35
1728540985.364175, 36
1728540985.376117, 37
1728540985.388878, 36
1728540985.400550, 35
1728540985.412524, 38
1728540985.424367, 36
1728540985.437572, 36
1728540985.454995, 35
1728540985.468848, 34
1728540985.488831, 36
1728540985.503016, 34
1728540985.518095, 36
1728540985.531921, 36
1728540985.546917, 35
1728540985.560772, 35
1728540985.575765, 36
1728540985.589842, 38
1728540985.603843, 38
1728540985.617972, 37
1728540985.632016, 37
1728540985.645044, 37
1728540985.658212, 37
1728540985.670011, 36
1728540985.681793, 35
1728540985.693990, 36
1728540985.707764, 37
1728540985.720754, 36
1728540985.736918, 37
1728540985.749922, 36
1728540985.764728, 36
1728540985.776505, 37
1728540985.791685, 38
1728540985.803354, 36
1728540985.814971, 40
1728540985.828347, 38
1728540985.842875, 38
1728540985.856506, 37
1728540985.869946, 38
1728540985.886298, 38
1728540985.901144, 37
1728540985.912929, 37
1728540985.924960, 37
1728540985.936799, 37
1728540985.949010, 37
1728540985.962528, 37
1728540985.976637, 38
1728540985.989466, 37
1728540986.001147, 37
1728540986.012747, 38
1728540986.024796, 39
1728540986.038637, 40
1728540986.052554, 39
1728540986.065979, 38
1728540986.080350, 38
1728540986.097547, 39
1728540986.111650, 38
1728540986.124469, 38
1728540986.136113, 38
1728540986.148168, 37
1728540986.160249, 37
1728540986.174275, 37
1728540986.188335, 36
1728540986.202004, 37
1728540986.214509, 37
1728540986.226213, 38
1728540986.237882, 37
1728540986.249480, 36
1728540986.262500, 33
1728540986.276545, 29
1728540986.290373, 23
1728540986.303503, 17
1728540986.317962, 16
1728540986.333862, 16
1728540986.348737, 15
1728540986.361905, 15
1728540986.374135, 16
1728540986.386220, 16
1728540986.397854, 16
1728540986.411517, 18
1728540986.424852, 17
1728540986.440715, 19
1728540986.454319, 17
1728540986.468846, 17
1728540986.484060, 18
1728540986.497035, 18
1728540986.508997, 16
1728540986.520651, 16
1728540986.532847, 19
1728540986.546839, 18
1728540986.558953, 18
1728540986.573963, 20
1728540986.586127, 19
1728540986.598619, 20
1728540986.610410, 20
1728540986.622896, 18
1728540986.636837, 18
1728540986.648635, 19
1728540986.668011, 19
1728540986.686397, 20
1728540986.698046, 19
1728540986.709972, 19
1728540986.721591, 18
1728540986.734829, 21
1728540986.747705, 20
1728540986.759394, 20
1728540986.771069, 21
1728540986.783360, 20
1728540986.798660, 19
1728540986.812637, 19
1728540986.827928, 19
1728540986.839938, 21
1728540986.853049, 20
1728540986.866226, 21
1728540986.883026, 21
1728540986.897826, 22
1728540986.912107, 21
1728540986.927523, 22
1728540986.943838, 23
1728540986.962839, 21
1728540986.979998, 22
1728540986.992609, 21
1728540987.005437, 21
1728540987.019532, 23
1728540987.034571, 22
1728540987.047127, 22
1728540987.065289, 20
1728540987.086551, 23
1728540987.104060, 23
1728540987.123685, 23
1728540987.142602, 23
1728540987.160169, 23
1728540987.178217, 22
1728540987.194655, 22
1728540987.207644, 24
1728540987.219570, 23
1728540987.232484, 23
1728540987.247379, 23
1728540987.259291, 23
1728540987.275312, 24
1728540987.292039, 25
1728540987.304081, 24
1728540987.317381, 26
1728540987.329852, 23
1728540987.343526, 23
1728540987.355492, 24
1728540987.370601, 24
1728540987.386906, 23
1728540987.402075, 23
1728540987.414233, 23
1728540987.426075, 24
1728540987.438509, 25
1728540987.454489, 26
1728540987.467618, 25
1728540987.483588, 26
1728540987.500059, 24
1728540987.513287, 24
1728540987.525203, 26
1728540987.537120, 23
1728540987.550443, 24
1728540987.564589, 25
1728540987.577121, 25
1728540987.589073, 25
1728540987.600973, 25
1728540987.613451, 25
1728540987.626732, 26
1728540987.642328, 25
1728540987.654614, 27
1728540987.666637, 27
1728540987.678367, 26
1728540987.692073, 28
1728540987.709474, 28
1728540987.721259, 25
1728540987.733343, 25
1728540987.745952, 26
1728540987.758547, 26
1728540987.771191, 26
1728540987.787668, 27
1728540987.803752, 27
1728540987.817807, 26
1728540987.829680, 28
1728540987.841537, 28
1728540987.854374, 27
1728540987.866357, 29
1728540987.883905, 27
1728540987.896384, 27
1728540987.910821, 27
1728540987.922793, 27
1728540987.934536, 27
1728540987.946172, 27
1728540987.960811, 28
1728540987.972930, 28
1728540987.988634, 26
1728540988.000483, 28
1728540988.012418, 29
1728540988.024253, 29
1728540988.036063, 29
1728540988.049732, 29
1728540988.065545, 28
1728540988.081654, 29
1728540988.096986, 28
1728540988.109993, 28
1728540988.121735, 28
1728540988.133743, 29
1728540988.146117, 29
1728540988.158908, 29
1728540988.175945, 29
1728540988.189398, 30
1728540988.201100, 31
1728540988.213694, 31
1728540988.225566, 30
1728540988.237698, 30
1728540988.251872, 31
1728540988.265831, 30
1728540988.279808, 29
1728540988.292633, 29
1728540988.307348, 29
1728540988.319006, 30
1728540988.331019, 30
1728540988.342896, 30
1728540988.355659, 29
1728540988.367956, 30
1728540988.386667, 31
1728540988.403361, 30
1728540988.416023, 30
1728540988.428099, 32
1728540988.440069, 32
1728540988.452620, 31
1728540988.466894, 31
1728540988.479434, 32
1728540988.497355, 31
1728540988.514863, 30
1728540988.529110, 31
1728540988.540825, 33
1728540988.552422, 30
1728540988.564022, 30
1728540988.579702, 33
1728540988.594711, 31
1728540988.608699, 33
1728540988.621860, 32
1728540988.634235, 31
1728540988.645985, 33
1728540988.657695, 34
1728540988.671025, 31
1728540988.685327, 30
1728540988.700732, 32
1728540988.716038, 31
1728540988.731028, 33
1728540988.742826, 33
1728540988.754580, 31
1728540988.766210, 31
1728540988.779777, 31
1728540988.792682, 33
1728540988.806792, 32
1728540988.823925, 34
1728540988.838673, 33
1728540988.851410, 33
1728540988.864344, 32
1728540988.876137, 33
1728540988.888029, 32
1728540988.902472, 33
1728540988.918458, 33
1728540988.931949, 32
1728540988.946245, 33
1728540988.959731, 34
1728540988.971843, 34
1728540988.983965, 36
1728540988.996477, 35
1728540989.009056, 36
1728540989.022528, 35
1728540989.034405, 36
1728540989.046110, 35
1728540989.059214, 34
1728540989.073277, 33
1728540989.084879, 33
1728540989.096521, 33
1728540989.108140, 34
1728540989.120238, 35
1728540989.133996, 34
1728540989.145625, 34
1728540989.161146, 34
1728540989.173038, 35
1728540989.185663, 34
1728540989.197300, 34
1728540989.209106, 35
1728540989.223037, 36
1728540989.239330, 37
1728540989.251763, 35
1728540989.265348, 34
1728540989.279610, 34
1728540989.291452, 34
1728540989.303165, 34
1728540989.314904, 34
1728540989.327165, 35
1728540989.340412, 35
1728540989.353370, 35
1728540989.365129, 35
1728540989.377184, 34
1728540989.389779, 36
1728540989.402560, 36
1728540989.420949, 37
1728540989.438122, 36
1728540989.450539, 37
1728540989.462566, 36
1728540989.475060, 36
1728540989.489194, 36
1728540989.502998, 37
1728540989.516973, 37
1728540989.529491, 36
1728540989.547647, 37
1728540989.559812, 37
1728540989.572417, 36
1728540989.586767, 37
1728540989.600680, 36
1728540989.612329, 36
1728540989.624070, 36
1728540989.635956, 37
1728540989.649511, 38
1728540989.662362, 37
1728540989.679550, 38
1728540989.691562, 36
1728540989.703500, 35
1728540989.715132, 35
1728540989.726993, 36
1728540989.740345, 36
1728540989.752970, 37
1728540989.766276, 36
1728540989.777933, 37
1728540989.789743, 37
1728540989.803596, 38
1728540989.815656, 38
1728540989.829652, 39
1728540989.843678, 39
1728540989.857679, 38
1728540989.871562, 39
1728540989.884826, 37
1728540989.897458, 39
1728540989.912338, 37
1728540989.924107, 38
1728540989.938448, 36
1728540989.950551, 36
1728540989.964083, 39
1728540989.976039, 38
1728540989.992852, 38
1728540990.008815, 38
1728540990.021125, 40
1728540990.033940, 38
1728540990.045640, 36
1728540990.058487, 37
1728540990.070172, 37
1728540990.081876, 37
1728540990.093498, 38
1728540990.105151, 37
1728540990.118314, 38
1728540990.132292, 37
1728540990.146158, 38
1728540990.159431, 37
1728540990.173355, 36
1728540990.189467, 37
1728540990.201265, 37
1728540990.213224, 35
1728540990.225042, 35
1728540990.237407, 35
1728540990.253821, 34
1728540990.267838, 27
1728540990.283552, 22
1728540990.297379, 17
1728540990.309165, 16
1728540990.322847, 16
1728540990.338540, 17
1728540990.354291, 15
1728540990.365988, 17
1728540990.377771, 16
1728540990.389499, 18
1728540990.402303, 17
1728540990.416179, 16
1728540990.430042, 17
1728540990.442968, 17
1728540990.457077, 17
1728540990.474408, 15
1728540990.486267, 19
1728540990.497960, 19
1728540990.510447, 17
1728540990.523668, 17
1728540990.535614, 18
1728540990.553738, 19
1728540990.566588, 19
1728540990.581578, 18
1728540990.593364, 17
1728540990.606661, 18
1728540990.618734, 18
1728540990.630453, 18
1728540990.643294, 20
1728540990.658138, 19
1728540990.670631, 18
1728540990.685097, 18
1728540990.696907, 19
1728540990.708639, 18
1728540990.720591, 20
1728540990.732799, 19
1728540990.745997, 19
1728540990.761517, 19
1728540990.773162, 19
1728540990.784972, 20
1728540990.796618, 19
1728540990.809164, 20
1728540990.822260, 21
1728540990.835687, 21
1728540990.849729, 20
1728540990.861865, 21
1728540990.873516, 19
1728540990.885078, 19
1728540990.897869, 21
1728540990.909954, 20
1728540990.922956, 21
1728540990.934694, 22
1728540990.946432, 21
1728540990.959496, 21
1728540990.975182, 21
1728540990.990283, 21
1728540991.003541, 22
1728540991.015449, 21
1728540991.027282, 21
1728540991.039439, 23
1728540991.052478, 21
1728540991.067306, 21
1728540991.079113, 21
1728540991.090810, 22
1728540991.103471, 22
1728540991.115994, 22
1728540991.129477, 22
1728540991.141083, 23
1728540991.153341, 22
1728540991.165515, 22
1728540991.177366, 23
1728540991.190186, 22
1728540991.204707, 23
1728540991.220131, 23
1728540991.231857, 23
1728540991.243648, 21
1728540991.255706, 23
1728540991.270785, 23
1728540991.283993, 25
1728540991.298159, 24
1728540991.311501, 23
1728540991.323611, 23
1728540991.335260, 24
1728540991.346904, 23
1728540991.359416, 23
1728540991.373746, 24
1728540991.385930, 23
1728540991.399728, 24
1728540991.411576, 25
1728540991.423592, 25
1728540991.435517, 24
1728540991.448095, 23
1728540991.459886, 23
1728540991.471673, 25
1728540991.484230, 25
1728540991.496098, 25
1728540991.508435, 25
1728540991.520389, 24
1728540991.532089, 25
1728540991.543897, 24
1728540991.557291, 26
1728540991.570040, 25
1728540991.581817, 26
1728540991.593697, 25
1728540991.605352, 25
1728540991.618170, 26
1728540991.631711, 26
1728540991.646559, 26
1728540991.658267, 25
1728540991.670330, 27
1728540991.682405, 26
1728540991.696363, 26
1728540991.710273, 26
1728540991.724187, 26
1728540991.738091, 27
1728540991.752056, 26
1728540991.764514, 26
1728540991.778066, 27
1728540991.792029, 26
1728540991.803703, 26
1728540991.815372, 25
1728540991.827053, 26
1728540991.839318, 28
1728540991.853164, 28
1728540991.864922, 27
1728540991.876767, 27
1728540991.888758, 26
1728540991.900602, 27
1728540991.914290, 25
1728540991.926045, 27
1728540991.937933, 27
1728540991.949601, 27
1728540991.962179, 28
1728540991.977742, 28
1728540991.989917, 28
1728540992.001576, 28
1728540992.013322, 29
1728540992.025284, 29
1728540992.036966, 29
1728540992.050781, 27
1728540992.064733, 29
1728540992.077968, 28
1728540992.090245, 29
1728540992.102420, 27
1728540992.114905, 29
1728540992.127226, 27
1728540992.140849, 29
1728540992.152542, 29
1728540992.164429, 28
1728540992.176876, 27
1728540992.189645, 29
1728540992.204389, 29
1728540992.218500, 29
1728540992.231689, 30
1728540992.245086, 29
1728540992.258422, 29
1728540992.270823, 30
1728540992.284397, 30
1728540992.296080, 29
1728540992.307650, 30
1728540992.319439, 30
1728540992.331067, 29
1728540992.345131, 30
1728540992.357016, 31
1728540992.368811, 31
1728540992.380615, 30
1728540992.392549, 29
1728540992.405202, 30
1728540992.418252, 30
1728540992.433091, 30
1728540992.449230, 31
1728540992.463993, 32
1728540992.476708, 30
1728540992.488373, 30
1728540992.500151, 30
1728540992.512346, 31
1728540992.526166, 31
1728540992.541232, 31
1728540992.555593, 31
1728540992.567324, 30
1728540992.579282, 32
1728540992.591400, 32
1728540992.603455, 31
1728540992.615777, 31
1728540992.627643, 31
1728540992.639608, 31
1728540992.651832, 31
1728540992.663925, 31
1728540992.679921, 32
1728540992.702868, 32
1728540992.714918, 31
1728540992.727877, 31
1728540992.739603, 31
1728540992.753265, 32
1728540992.769277, 32
1728540992.793257, 33
1728540992.809958, 32
1728540992.823036, 32
1728540992.834777, 32
1728540992.846823, 33
1728540992.858817, 31
1728540992.871281, 32
1728540992.885796, 33
1728540992.899690, 32
1728540992.911388, 33
1728540992.923012, 33
1728540992.934807, 33
1728540992.948026, 33
1728540992.962368, 34
1728540992.974295, 33
1728540992.985984, 33
1728540992.997912, 34
1728540993.009544, 33
1728540993.021469, 33
1728540993.036869, 34
1728540993.052131, 34
1728540993.063881, 34
1728540993.076018, 33
1728540993.088386, 34
1728540993.101757, 35
1728540993.116054, 34
1728540993.130132, 34
1728540993.143317, 33
1728540993.159022, 36
1728540993.175135, 35
1728540993.189487, 34
1728540993.202035, 34
1728540993.218263, 35
1728540993.233343, 34
1728540993.245014, 34
1728540993.257610, 34
1728540993.271612, 33
1728540993.287424, 34
1728540993.302348, 34
1728540993.318845, 34
1728540993.333867, 35
1728540993.346603, 35
1728540993.358388, 35
1728540993.370087, 35
1728540993.384043, 35
1728540993.396400, 35
1728540993.411584, 36
1728540993.424378, 35
1728540993.436226, 35
1728540993.448098, 35
1728540993.460310, 36
1728540993.472796, 35
1728540993.486479, 36
1728540993.500412, 36
1728540993.512023, 35
1728540993.523867, 35
1728540993.535487, 35
1728540993.547717, 36
1728540993.560460, 35
1728540993.572119, 37
1728540993.583962, 36
1728540993.595640, 36
1728540993.608493, 37
1728540993.622089, 36
1728540993.636392, 36
1728540993.652021, 37
1728540993.663689, 36
1728540993.675807, 37
1728540993.687581, 36
1728540993.699741, 36
1728540993.713185, 36
1728540993.729098, 36
1728540993.741862, 36
1728540993.756144, 36
1728540993.772055, 38
1728540993.784238, 37
1728540993.797819, 38
1728540993.810980, 37
1728540993.824273, 37
1728540993.836146, 37
1728540993.847957, 38
1728540993.860296, 38
1728540993.873231, 38
1728540993.887531, 38
1728540993.902733, 37
1728540993.918460, 37
1728540993.934330, 38
1728540993.946066, 37
1728540993.957655, 37
1728540993.969417, 38
1728540993.982294, 39
1728540993.994659, 37
1728540994.010790, 38
1728540994.023370, 39
1728540994.037666, 39
1728540994.049783, 38
1728540994.061441, 38
1728540994.073089, 38
1728540994.085073, 38
1728540994.099429, 38
1728540994.113612, 38
1728540994.125377, 39
1728540994.137238, 39
1728540994.149382, 40
1728540994.162797, 38
1728540994.175477, 38
1728540994.189855, 39
1728540994.202371, 40
1728540994.214277, 40
1728540994.226030, 38
1728540994.238651, 40
1728540994.251684, 39
1728540994.268852, 40
1728540994.282729, 39
1728540994.295972, 40
1728540994.311893, 39
1728540994.323839, 39
1728540994.335571, 39
1728540994.348345, 39
1728540994.361712, 38
1728540994.374726, 40
1728540994.390451, 39
1728540994.403133, 39
1728540994.414929, 39
1728540994.426801, 38
1728540994.439037, 40
1728540994.450961, 39
1728540994.463852, 37
1728540994.475689, 37
1728540994.487681, 36
1728540994.499672, 37
1728540994.512207, 36
1728540994.523926, 37
1728540994.539230, 37
1728540994.551123, 37
1728540994.562836, 36
1728540994.574729, 34
1728540994.586566, 29
1728540994.598843, 28
1728540994.610884, 25
1728540994.622575, 25
1728540994.634406, 24
1728540994.647133, 24
1728540994.659490, 20
1728540994.671470, 17
1728540994.683244, 16
1728540994.694855, 15
1728540994.706621, 17
1728540994.719530, 18
1728540994.732902, 17
1728540994.744626, 17
1728540994.759966, 17
1728540994.771747, 18
1728540994.784136, 18
1728540994.796484, 17
1728540994.811936, 18
1728540994.825291, 18
1728540994.837047, 19
1728540994.848732, 17
1728540994.860558, 19
1728540994.872591, 18
1728540994.886210, 19
1728540994.897818, 18
1728540994.909473, 18
1728540994.921202, 19
1728540994.934761, 20
1728540994.948035, 19
1728540994.961076, 19
1728540994.976663, 19
1728540994.988425, 19
1728540995.000258, 20
1728540995.012202, 19
1728540995.025159, 21
1728540995.039026, 20
1728540995.053154, 19
1728540995.068876, 21
1728540995.081237, 20
1728540995.093839, 19
1728540995.105534, 21
1728540995.117339, 21
1728540995.129057, 21
1728540995.142031, 22
1728540995.153812, 20
1728540995.165813, 21
1728540995.177580, 22
1728540995.189669, 20
1728540995.202804, 21
1728540995.217631, 21
1728540995.231543, 21
1728540995.247473, 22
1728540995.261285, 21
1728540995.273550, 22
1728540995.290316, 21
1728540995.306545, 21
1728540995.322801, 21
1728540995.335558, 21
1728540995.347382, 22
1728540995.360041, 23
1728540995.372413, 22
1728540995.387435, 22
1728540995.399079, 22
1728540995.410830, 23
1728540995.422701, 23
1728540995.435815, 23
1728540995.451176, 23
1728540995.464818, 22
1728540995.477463, 24
1728540995.489593, 24
1728540995.501265, 23
1728540995.512912, 24
1728540995.526416, 24
1728540995.540347, 23
1728540995.554118, 23
1728540995.566073, 23
1728540995.581820, 24
1728540995.597633, 24
1728540995.610510, 23
1728540995.622292, 23
1728540995.635366, 25
1728540995.650841, 24
1728540995.665150, 24
1728540995.679474, 24
1728540995.691715, 25
1728540995.706519, 25
1728540995.724764, 25
1728540995.737235, 24
1728540995.751333, 24
1728540995.763071, 25
1728540995.774748, 26
1728540995.786353, 25
1728540995.799982, 26
1728540995.813836, 25
1728540995.827018, 25
1728540995.842610, 26
1728540995.855596, 26
1728540995.869017, 25
1728540995.881793, 27
1728540995.895241, 25
1728540995.910356, 26
1728540995.922236, 25
1728540995.935920, 26
1728540995.947598, 26
1728540995.959362, 24
1728540995.971127, 25
1728540995.984033, 26
1728540995.998182, 27
1728540996.012072, 26
1728540996.026168, 27
1728540996.037962, 28
1728540996.052618, 27
1728540996.065732, 27
1728540996.077528, 27
1728540996.089366, 27
1728540996.102338, 26
1728540996.116482, 27
1728540996.130337, 27
1728540996.144253, 28
1728540996.156026, 27
1728540996.169991, 27
1728540996.183071, 27
1728540996.195020, 27
1728540996.206697, 26
1728540996.219559, 30
1728540996.231336, 29
1728540996.242978, 28
1728540996.254581, 26
1728540996.266165, 28
1728540996.279799, 28
1728540996.294895, 28
1728540996.309705, 28
1728540996.324178, 29
1728540996.338022, 28
1728540996.349933, 28
1728540996.364953, 28
1728540996.376732, 30
1728540996.388417, 28
1728540996.400357, 30
1728540996.414097, 29
1728540996.428874, 28
1728540996.442327, 29
1728540996.453968, 29
1728540996.465607, 29
1728540996.477284, 28
1728540996.488912, 29
1728540996.501563, 29
1728540996.514456, 29
1728540996.526078, 29
1728540996.537731, 28
1728540996.549668, 30
1728540996.561666, 30
1728540996.575488, 30
1728540996.587313, 30
1728540996.599125, 29
1728540996.610801, 30
1728540996.624143, 30
1728540996.638012, 30
1728540996.654462, 29
1728540996.667155, 30
1728540996.680681, 30
1728540996.695057, 29
1728540996.707107, 30
1728540996.719114, 30
1728540996.730745, 31
1728540996.743429, 30
1728540996.755791, 30
1728540996.767521, 31
1728540996.779161, 30
1728540996.791057, 32
1728540996.805258, 31
1728540996.819247, 31
1728540996.831652, 32
1728540996.846708, 31
1728540996.859000, 32
1728540996.871518, 30
1728540996.883425, 31
1728540996.896975, 32
1728540996.910301, 31
1728540996.924493, 31
1728540996.936247, 31
1728540996.947880, 33
1728540996.959660, 33
1728540996.972567, 34
1728540996.986437, 32
1728540997.000283, 32
1728540997.013063, 32
1728540997.027823, 33
1728540997.041254, 31
1728540997.052896, 33
1728540997.064807, 33
1728540997.076486, 32
1728540997.089223, 32
1728540997.101992, 33
1728540997.118651, 33
1728540997.135092, 32
1728540997.146935, 32
1728540997.158557, 31
1728540997.170442, 34
1728540997.183262, 33
1728540997.197749, 34
1728540997.215300, 34
1728540997.229327, 33
1728540997.243235, 33
1728540997.258415, 34
1728540997.272435, 34
1728540997.285949, 33
1728540997.298546, 34
1728540997.315660, 33
1728540997.332083, 34
1728540997.347154, 32
1728540997.363324, 35
1728540997.377512, 35
1728540997.389568, 34
1728540997.401277, 34
1728540997.413019, 34
1728540997.426233, 35
1728540997.442130, 35
1728540997.453962, 35
1728540997.469616, 34
1728540997.484956, 34
1728540997.500189, 34
1728540997.511955, 34
1728540997.523988, 32
1728540997.535645, 34
1728540997.547497, 34
1728540997.561106, 34
1728540997.577466, 34
1728540997.595057, 36
1728540997.613805, 37
1728540997.625643, 35
1728540997.639244, 34
1728540997.650876, 36
1728540997.662862, 36
1728540997.675280, 36
1728540997.687150, 37
1728540997.701223, 37
1728540997.714944, 36
1728540997.726804, 37
1728540997.738536, 36
1728540997.750148, 37
1728540997.763602, 37
1728540997.775400, 36
1728540997.789597, 36
1728540997.804074, 35
1728540997.815752, 36
1728540997.828223, 36
1728540997.841115, 36
1728540997.854449, 37
1728540997.867375, 35
1728540997.884665, 37
1728540997.900248, 36
1728540997.912666, 36
1728540997.924555, 34
1728540997.937684, 36
1728540997.950442, 36
1728540997.962938, 36
1728540997.974731, 36
1728540997.986405, 37
1728540998.000604, 37
1728540998.013773, 37
1728540998.027723, 36
1728540998.040555, 37
1728540998.052308, 37
1728540998.064079, 37
1728540998.076058, 37
1728540998.090641, 38
1728540998.105440, 38
1728540998.120257, 38
1728540998.134612, 37
1728540998.153627, 39
1728540998.165384, 38
1728540998.177089, 37
1728540998.189046, 39
1728540998.200756, 37
1728540998.213096, 38
1728540998.225342, 39
1728540998.241072, 39
1728540998.256858, 39
1728540998.271159, 38
1728540998.282810, 39
1728540998.294896, 39
1728540998.306540, 39
1728540998.319054, 38
1728540998.332648, 39
1728540998.344581, 38
1728540998.356538, 39
1728540998.368250, 39
1728540998.380336, 39
1728540998.398428, 39
1728540998.410801, 38
1728540998.423128, 39
1728540998.434892, 37
1728540998.446706, 38
1728540998.463125, 40
1728540998.475281, 39
1728540998.486891, 38
1728540998.498525, 36
1728540998.510231, 38
1728540998.522969, 39
1728540998.534588, 38
1728540998.546209, 38
1728540998.557864, 40
1728540998.569612, 39
1728540998.583357, 38
1728540998.596398, 39
1728540998.610737, 38
1728540998.626392, 38
1728540998.639062, 38
1728540998.650903, 38
1728540998.662597, 37
1728540998.674909, 37
1728540998.688998, 31
1728540998.704149, 27
1728540998.718980, 22
1728540998.732424, 17
1728540998.744201, 16
1728540998.756706, 18
1728540998.768697, 15
1728540998.781086, 16
1728540998.794118, 17
1728540998.808863, 16
1728540998.820479, 18
1728540998.832244, 17
1728540998.844242, 17
1728540998.857294, 18
1728540998.872700, 18
1728540998.886869, 18
1728540998.906739, 17
1728540998.918907, 18
1728540998.930718, 20
1728540998.942571, 18
1728540998.955861, 18
1728540998.967520, 18
1728540998.979183, 18
1728540998.990794, 17
1728540999.003320, 17
1728540999.015929, 19
1728540999.028522, 18
1728540999.043148, 18
1728540999.054834, 19
1728540999.066656, 19
1728540999.078365, 20
1728540999.091156, 20
1728540999.104326, 20
1728540999.116059, 20
1728540999.128062, 19
1728540999.139807, 20
1728540999.152950, 20
1728540999.168286, 19
1728540999.183694, 21
1728540999.196322, 20
1728540999.208030, 20
1728540999.220414, 21
1728540999.232203, 19
1728540999.245573, 20
1728540999.257542, 21
1728540999.269661, 21
1728540999.281355, 20
1728540999.293538, 20
1728540999.305151, 20
1728540999.318594, 22
1728540999.333714, 22
1728540999.346578, 21
1728540999.363305, 21
1728540999.378477, 21
1728540999.390144, 22
1728540999.402013, 20
1728540999.414598, 21
1728540999.427214, 22
1728540999.442428, 21
1728540999.462932, 23
1728540999.478918, 22
1728540999.492665, 22
1728540999.506289, 22
1728540999.523024, 23
1728540999.536813, 23
1728540999.548442, 23
1728540999.564424, 22
1728540999.576161, 23
1728540999.587968, 23
1728540999.599965, 23
1728540999.612193, 24
1728540999.624422, 24
1728540999.636165, 23
1728540999.647821, 24
1728540999.660566, 22
1728540999.672396, 23
1728540999.684558, 25
1728540999.697187, 24
1728540999.710395, 23
1728540999.724975, 24
1728540999.741560, 24
1728540999.753324, 24
1728540999.765104, 25
1728540999.776944, 26
1728540999.789070, 25
1728540999.802259, 23
1728540999.813936, 25
1728540999.825963, 25
1728540999.837763, 25
1728540999.850249, 26
1728540999.862365, 25
1728540999.878453, 24
1728540999.890294, 25
1728540999.901994, 24
1728540999.914089, 24
1728540999.927803, 25
1728540999.942515, 25
1728540999.955177, 26
1728540999.968455, 25
1728540999.983461, 25
1728540999.995293, 25
1728541000.007097, 26
1728541000.018728, 28
1728541000.030967, 25
1728541000.044208, 26
1728541000.057455, 25
1728541000.069634, 26
1728541000.081376, 26
1728541000.093401, 27
1728541000.106650, 27
1728541000.119390, 26
1728541000.132731, 28
1728541000.147299, 27
1728541000.158942, 27
1728541000.170799, 27
1728541000.182820, 29
1728541000.196474, 27
1728541000.208214, 27
1728541000.223322, 27
1728541000.235116, 27
1728541000.246730, 30
1728541000.258408, 28
1728541000.271878, 28
1728541000.287062, 28
1728541000.301332, 28
1728541000.313010, 28
1728541000.324701, 27
1728541000.336388, 29
1728541000.348146, 29
1728541000.362838, 28
1728541000.378031, 28
1728541000.390133, 27
1728541000.405098, 27
1728541000.416749, 29
1728541000.429152, 27
1728541000.442116, 26
1728541000.456144, 29
1728541000.468439, 29
1728541000.482233, 28
1728541000.497439, 29
1728541000.509163, 31
1728541000.520950, 31
1728541000.532751, 31
1728541000.545586, 30
1728541000.557449, 29
1728541000.571445, 28
1728541000.587128, 28
1728541000.598760, 30
1728541000.610447, 29
1728541000.622087, 29
1728541000.635111, 30
1728541000.647060, 29
1728541000.659540, 28
1728541000.671154, 30
1728541000.683563, 29
1728541000.697759, 31
1728541000.709692, 30
1728541000.723808, 31
1728541000.736522, 30
1728541000.748397, 33
1728541000.760069, 31
1728541000.772671, 30
1728541000.786887, 30
1728541000.798697, 31
1728541000.811365, 30
1728541000.824127, 30
1728541000.835895, 31
1728541000.847711, 30
1728541000.860343, 31
1728541000.872944, 32
1728541000.886828, 32
1728541000.899302, 32
1728541000.911121, 33
1728541000.923102, 33
1728541000.935827, 32
1728541000.948185, 33
1728541000.960126, 32
1728541000.972651, 32
1728541000.984394, 32
1728541001.000484, 30
1728541001.018306, 32
1728541001.030164, 31
1728541001.041856, 31
1728541001.054060, 33
1728541001.067612, 32
1728541001.079940, 32
1728541001.095729, 33
1728541001.110463, 33
1728541001.122220, 32
1728541001.133928, 32
1728541001.145646, 34
1728541001.160091, 33
1728541001.174202, 31
1728541001.189851, 33
1728541001.203059, 33
1728541001.217135, 32
1728541001.228997, 31
1728541001.240631, 32
1728541001.253165, 33
1728541001.266280, 33
1728541001.280092, 33
1728541001.292812, 33
1728541001.306875, 34
1728541001.324284, 34
1728541001.338643, 34
1728541001.350500, 34
1728541001.362124, 35
1728541001.374104, 34
1728541001.386586, 34
1728541001.400467, 33
1728541001.414255, 33
1728541001.426457, 34
1728541001.440512, 35
1728541001.453775, 34
1728541001.465688, 33
1728541001.477320, 34
1728541001.489963, 35
1728541001.509278, 35
1728541001.523108, 35
1728541001.534739, 35
1728541001.550296, 36
1728541001.561974, 34
1728541001.573689, 35
1728541001.585529, 35
1728541001.598309, 34
1728541001.612393, 34
1728541001.627709, 35
1728541001.641834, 35
1728541001.656204, 35
1728541001.667888, 36
1728541001.679904, 35
1728541001.692911, 34
1728541001.709389, 37
1728541001.723294, 36
1728541001.737422, 36
1728541001.751214, 37
1728541001.763537, 37
1728541001.775261, 37
1728541001.786946, 38
1728541001.799067, 37
1728541001.810834, 36
1728541001.823685, 36
1728541001.836653, 35
1728541001.850034, 36
1728541001.865226, 35
1728541001.878985, 36
1728541001.890729, 35
1728541001.903167, 36
1728541001.915353, 37
1728541001.927268, 38
1728541001.945107, 37
1728541001.956829, 36
1728541001.968487, 37
1728541001.980687, 38
1728541001.994053, 37
1728541002.010324, 36
1728541002.022008, 36
1728541002.033664, 37
1728541002.045377, 36
1728541002.057141, 37
1728541002.071170, 37
1728541002.086555, 37
1728541002.100833, 38
1728541002.112461, 38
1728541002.124244, 38
1728541002.136017, 39
1728541002.147928, 39
1728541002.166082, 39
1728541002.178962, 38
1728541002.192304, 38
1728541002.208007, 39
1728541002.222367, 38
1728541002.234314, 38
1728541002.247268, 37
1728541002.260392, 38
1728541002.281705, 37
1728541002.297462, 40
1728541002.309236, 38
1728541002.329870, 40
1728541002.344018, 39
1728541002.355846, 39
1728541002.367528, 37
1728541002.379134, 36
1728541002.392404, 38
1728541002.406245, 40
1728541002.418702, 38
1728541002.433213, 38
1728541002.444920, 37
1728541002.456758, 37
1728541002.468697, 36
1728541002.481128, 37
1728541002.492909, 36
1728541002.507956, 37
1728541002.524423, 37
1728541002.539732, 37
1728541002.552343, 35
1728541002.564183, 31
1728541002.575939, 26
1728541002.589319, 22
1728541002.602665, 14
1728541002.615363, 16
1728541002.628728, 16
1728541002.640475, 16
1728541002.652211, 15
1728541002.663958, 16
1728541002.677084, 16
1728541002.689529, 15
1728541002.701340, 17
1728541002.713141, 17
1728541002.724867, 17
1728541002.739181, 18
1728541002.759959, 19
1728541002.773162, 17
1728541002.786212, 16
1728541002.801589, 19
1728541002.818455, 19
1728541002.830167, 17
1728541002.842041, 18
1728541002.854841, 17
1728541002.866477, 18
1728541002.878170, 19
1728541002.894034, 19
1728541002.909235, 20
1728541002.924284, 19
1728541002.936056, 18
1728541002.947893, 18
1728541002.959734, 20
1728541002.973183, 18
1728541002.985605, 19
1728541003.001136, 19
1728541003.018950, 20
1728541003.033728, 19
1728541003.049855, 19
1728541003.064061, 22
1728541003.076709, 20
1728541003.088392, 20
1728541003.102351, 20
1728541003.114208, 20
1728541003.126505, 20
1728541003.138734, 20
1728541003.153252, 21
1728541003.164970, 21
1728541003.176763, 20
1728541003.188495, 20
1728541003.200934, 21
1728541003.214518, 22
1728541003.226346, 21
1728541003.238080, 22
1728541003.254746, 23
1728541003.267836, 22
1728541003.280569, 22
1728541003.294847, 21
1728541003.306661, 21
1728541003.318263, 21
1728541003.329900, 21
1728541003.342117, 22
1728541003.354947, 22
1728541003.370424, 21
1728541003.385204, 23
1728541003.399956, 23
1728541003.411659, 23
1728541003.424296, 24
1728541003.436269, 24
1728541003.448211, 22
1728541003.461830, 21
1728541003.476358, 22
1728541003.491429, 22
1728541003.503095, 24
1728541003.515289, 23
1728541003.526998, 23
1728541003.539383, 23
1728541003.551497, 23
1728541003.567136, 25
1728541003.582443, 24
1728541003.597793, 25
1728541003.613074, 23
1728541003.630827, 24
1728541003.643992, 23
1728541003.655728, 24
1728541003.669144, 24
1728541003.680948, 24
1728541003.692695, 24
1728541003.706512, 24
1728541003.719269, 24
1728541003.732710, 26
1728541003.744422, 25
1728541003.757676, 26
1728541003.771115, 25
1728541003.784546, 26
1728541003.803213, 25
1728541003.818741, 25
1728541003.830919, 25
1728541003.846542, 25
1728541003.858139, 25
1728541003.869728, 25
1728541003.881464, 25
1728541003.894118, 25
1728541003.908054, 26
1728541003.924886, 27
1728541003.939731, 27
1728541003.966884, 28
1728541003.978596, 26
1728541003.991545, 26
1728541004.003366, 25
1728541004.015197, 26
1728541004.027573, 26
1728541004.040489, 26
1728541004.056266, 27
1728541004.071657, 26
1728541004.086665, 28
1728541004.108407, 29
1728541004.120217, 28
1728541004.134112, 29
1728541004.147920, 28
1728541004.159600, 27
1728541004.178782, 27
1728541004.195806, 28
1728541004.219931, 27
1728541004.235856, 27
1728541004.249129, 27
1728541004.261060, 27
1728541004.291046, 28
1728541004.302921, 28
1728541004.314531, 27
1728541004.326540, 28
1728541004.340136, 29
1728541004.357915, 29
1728541004.374849, 30
1728541004.387489, 29
1728541004.402570, 28
1728541004.414369, 28
1728541004.426357, 28
1728541004.438328, 28
1728541004.451832, 30
1728541004.465508, 28
1728541004.481535, 29
1728541004.493886, 28
1728541004.507582, 31
1728541004.524376, 30
1728541004.545726, 30
1728541004.557584, 31
1728541004.569552, 31
1728541004.581302, 30
1728541004.594668, 30
1728541004.607033, 29
1728541004.622127, 29
1728541004.635972, 28
1728541004.647620, 30
1728541004.659256, 29
1728541004.671059, 29
1728541004.684496, 31
1728541004.696605, 30
1728541004.713105, 31
1728541004.727896, 31
1728541004.746224, 31
1728541004.758494, 31
1728541004.770422, 32
1728541004.783121, 31
1728541004.800034, 30
1728541004.813100, 30
1728541004.825936, 30
1728541004.837790, 31
1728541004.849486, 32
1728541004.861950, 30
1728541004.874417, 31
1728541004.889207, 30
1728541004.904527, 33
1728541004.916282, 32
1728541004.928212, 33
1728541004.940332, 33
1728541004.952049, 33
1728541004.967051, 32
1728541004.982570, 30
1728541004.994336, 32
1728541005.006078, 33
1728541005.017940, 32
1728541005.029994, 32
1728541005.046219, 32
1728541005.061826, 33
1728541005.076468, 33
1728541005.088175, 33
1728541005.099922, 33
1728541005.111600, 33
1728541005.124335, 33
1728541005.138252, 33
1728541005.152858, 34
1728541005.170033, 33
1728541005.184519, 33
1728541005.200063, 32
1728541005.211686, 33
1728541005.223292, 32
1728541005.235015, 34
1728541005.246861, 33
1728541005.261574, 33
1728541005.273283, 33
1728541005.285094, 34
1728541005.298879, 34
1728541005.313165, 33
1728541005.325075, 35
1728541005.346005, 35
1728541005.361541, 35
1728541005.373303, 35
1728541005.385109, 34
1728541005.396867, 33
1728541005.408643, 34
1728541005.420696, 35
1728541005.432528, 35
1728541005.444399, 34
1728541005.456300, 35
1728541005.468598, 34
1728541005.483639, 34
1728541005.499452, 35
1728541005.514328, 36
1728541005.526012, 36
1728541005.537910, 34
1728541005.549572, 35
1728541005.562892, 36
1728541005.574842, 35
1728541005.593284, 35
1728541005.606797, 34
1728541005.619592, 35
1728541005.635614, 36
1728541005.655277, 37
1728541005.667960, 35
1728541005.680163, 35
1728541005.693346, 36
1728541005.706884, 35
1728541005.720924, 36
1728541005.732693, 37
1728541005.744740, 37
1728541005.759153, 38
1728541005.772068, 36
1728541005.785604, 36
1728541005.801785, 36
1728541005.813456, 36
1728541005.825088, 35
1728541005.836776, 35
1728541005.848523, 36
1728541005.864916, 36
1728541005.879040, 36
1728541005.893799, 36
1728541005.908993, 35
1728541005.924625, 37
1728541005.940389, 37
1728541005.952530, 37
1728541005.964460, 37
1728541005.976298, 38
1728541005.989133, 37
1728541006.002809, 37
1728541006.017962, 35
1728541006.029946, 36
1728541006.041733, 37
1728541006.054052, 38
1728541006.067566, 36
1728541006.083195, 38
1728541006.095365, 37
1728541006.106978, 37
1728541006.118580, 36
1728541006.130255, 37
1728541006.143265, 38
1728541006.156307, 38
1728541006.168041, 38
1728541006.179857, 38
1728541006.191665, 39
1728541006.204965, 39
1728541006.217255, 39
1728541006.232445, 38
1728541006.248297, 38
1728541006.262267, 38
1728541006.274529, 37
1728541006.288074, 39
1728541006.300497, 38
1728541006.314929, 39
1728541006.329735, 38
1728541006.341660, 39
1728541006.353506, 39
1728541006.365197, 40
1728541006.376972, 40
1728541006.391788, 40
1728541006.403455, 39
1728541006.415076, 40
1728541006.426810, 39
1728541006.439715, 39
1728541006.456681, 38
1728541006.471416, 38
1728541006.483419, 39
1728541006.497510, 39
1728541006.512924, 39
1728541006.524881, 38
1728541006.536696, 39
1728541006.548446, 39
1728541006.560207, 40
1728541006.573450, 40
1728541006.588515, 39
1728541006.600168, 38
1728541006.611919, 39
1728541006.623713, 38
1728541006.635563, 39
1728541006.648884, 37
1728541006.664210, 38
1728541006.676032, 37
1728541006.687961, 35
1728541006.699736, 35
1728541006.713181, 37
1728541006.726640, 36
1728541006.741560, 34
1728541006.753352, 30
1728541006.765399, 26
1728541006.782420, 24
1728541006.795058, 21
1728541006.809729, 17
1728541006.822841, 16
1728541006.835002, 17
1728541006.847334, 17
1728541006.860499, 16
1728541006.872815, 16
1728541006.887924, 17
1728541006.903729, 18
1728541006.916392, 17
1728541006.928095, 18
1728541006.940106, 18
1728541006.954208, 18
1728541006.966392, 19
1728541006.981421, 18
1728541006.996001, 18
1728541007.010879, 18
1728541007.023725, 18
1728541007.035506, 18
1728541007.047192, 19
1728541007.059293, 19
1728541007.072563, 18
1728541007.087677, 17
1728541007.108533, 18
1728541007.120201, 20
1728541007.131962, 18
1728541007.143784, 18
1728541007.157029, 20
1728541007.169464, 19
1728541007.184603, 18
1728541007.196224, 19
1728541007.208006, 18
1728541007.219625, 19
1728541007.232020, 19
1728541007.244566, 20
1728541007.259091, 20
1728541007.274977, 22
1728541007.288794, 21
1728541007.300719, 21
1728541007.312777, 21
1728541007.326679, 19
1728541007.339983, 20
1728541007.355611, 22
1728541007.369289, 21
1728541007.381162, 21
1728541007.392950, 21
1728541007.405825, 22
1728541007.420195, 21
1728541007.431951, 21
1728541007.443647, 23
1728541007.455539, 23
1728541007.467623, 24
1728541007.481763, 22
1728541007.495008, 22
1728541007.510081, 21
1728541007.522727, 21
1728541007.534447, 22
1728541007.546152, 22
1728541007.560648, 23
1728541007.573088, 22
1728541007.587809, 21
1728541007.604415, 23
1728541007.616261, 24
1728541007.628058, 23
1728541007.639793, 25
1728541007.651604, 23
1728541007.672911, 24
1728541007.685361, 23
1728541007.697711, 23
1728541007.709525, 24
1728541007.721990, 23
1728541007.734891, 23
1728541007.750289, 24
1728541007.765233, 24
1728541007.780882, 24
1728541007.797436, 24
1728541007.810978, 25
1728541007.823319, 25
1728541007.835216, 25
1728541007.847118, 26
1728541007.860134, 24
1728541007.877362, 24
1728541007.893284, 25
1728541007.905011, 26
1728541007.917164, 25
1728541007.929785, 25
1728541007.942971, 25
1728541007.955118, 24
1728541007.967344, 26
1728541007.979239, 25
1728541007.990852, 27
1728541008.002812, 26
1728541008.015999, 26
1728541008.031474, 26
1728541008.047127, 26
1728541008.060850, 25
1728541008.074306, 27
1728541008.086040, 26
1728541008.098504, 26
1728541008.111208, 26
1728541008.125131, 25
1728541008.136884, 25
1728541008.148598, 26
1728541008.162830, 28
1728541008.174617, 28
1728541008.187546, 27
1728541008.200225, 28
1728541008.213492, 26
1728541008.225218, 26
1728541008.236812, 28
1728541008.248694, 26
1728541008.260645, 28
1728541008.272934, 26
1728541008.289389, 27
1728541008.301448, 26
1728541008.313224, 27
1728541008.326867, 29
1728541008.338521, 28
1728541008.353093, 29
1728541008.365826, 29
1728541008.378594, 29
1728541008.391509, 28
1728541008.403585, 26
1728541008.417750, 28
1728541008.431668, 28
1728541008.443436, 28
1728541008.455561, 29
1728541008.467654, 27
1728541008.479767, 27
1728541008.494672, 29
1728541008.509572, 28
1728541008.524642, 29
1728541008.537271, 29
1728541008.549299, 30
1728541008.561234, 30
1728541008.573269, 28
1728541008.587175, 30
1728541008.599029, 30
1728541008.612841, 29
1728541008.624504, 30
1728541008.636225, 28
1728541008.647857, 29
1728541008.663113, 29
1728541008.675333, 30
1728541008.689401, 28
1728541008.701945, 29
1728541008.715928, 29
1728541008.728524, 31
1728541008.742247, 31
1728541008.754075, 29
1728541008.765693, 30
1728541008.779018, 30
1728541008.793059, 31
1728541008.807838, 30
1728541008.823018, 29
1728541008.837022, 31
1728541008.850435, 30
1728541008.862492, 30
1728541008.874104, 30
1728541008.886958, 29
1728541008.898967, 29
1728541008.912825, 30
1728541008.927094, 31
1728541008.941348, 32
1728541008.957275, 32
1728541008.971301, 32
1728541008.985376, 32
1728541008.998094, 30
1728541009.011215, 31
1728541009.022860, 32
1728541009.034628, 31
1728541009.046348, 31
1728541009.059767, 32
1728541009.072289, 31
1728541009.089061, 32
1728541009.104907, 31
1728541009.116926, 32
1728541009.128779, 33
1728541009.140424, 32
1728541009.153683, 32
1728541009.166045, 32
1728541009.180055, 34
1728541009.193015, 34
1728541009.204692, 31
1728541009.219477, 32
1728541009.231571, 32
1728541009.247420, 32
1728541009.259083, 32
1728541009.270733, 31
1728541009.282531, 32
1728541009.295858, 33
1728541009.308811, 34
1728541009.323097, 32
1728541009.335061, 34
1728541009.347238, 35
1728541009.359192, 34
1728541009.371857, 34
1728541009.383777, 34
1728541009.401200, 33
1728541009.416167, 34
1728541009.430721, 33
1728541009.442506, 34
1728541009.454174, 32
1728541009.465873, 33
1728541009.479223, 33
1728541009.493071, 34
1728541009.505893, 32
1728541009.520393, 34
1728541009.533270, 35
1728541009.544968, 34
1728541009.556604, 34
1728541009.568834, 35
1728541009.583842, 36
1728541009.595524, 36
1728541009.607313, 34
1728541009.619057, 34
1728541009.630661, 33
1728541009.644353, 34
1728541009.657153, 34
1728541009.672187, 34
1728541009.684337, 34
1728541009.696175, 35
1728541009.707877, 35
1728541009.719748, 34
1728541009.733110, 35
1728541009.745051, 36
1728541009.756685, 34
1728541009.768296, 36
1728541009.780416, 36
1728541009.793861, 36
1728541009.807300, 37
1728541009.821959, 36
1728541009.834203, 35
1728541009.846698, 35
1728541009.862586, 35
1728541009.874988, 35
1728541009.890340, 35
1728541009.904791, 35
1728541009.917584, 35
1728541009.929585, 36
1728541009.943824, 37
1728541009.960098, 36
1728541009.975918, 37
1728541009.987648, 38
1728541009.999439, 38
1728541010.013288, 37
1728541010.024921, 35
1728541010.040602, 36
1728541010.053566, 36
1728541010.065657, 37
1728541010.077590, 36
1728541010.089257, 36
1728541010.101473, 37
1728541010.116928, 37
1728541010.133270, 38
1728541010.165493, 38
1728541010.177434, 38
1728541010.189360, 37
1728541010.201187, 38
1728541010.213810, 37
1728541010.225855, 39
1728541010.238669, 39
1728541010.254234, 38
1728541010.267310, 36
1728541010.279212, 38
1728541010.290934, 37
1728541010.303057, 38
1728541010.315707, 37
1728541010.328361, 37
1728541010.343363, 38
1728541010.355019, 38
1728541010.366734, 37
1728541010.378565, 39
1728541010.392538, 39
1728541010.405300, 38
1728541010.419516, 40
1728541010.436846, 39
1728541010.449234, 40
1728541010.461214, 38
1728541010.473219, 38
1728541010.485853, 38
1728541010.499602, 39
1728541010.513620, 39
1728541010.525488, 39
1728541010.537527, 38
1728541010.549607, 39
1728541010.561925, 39
1728541010.575471, 39
1728541010.590577, 39
1728541010.602232, 39
1728541010.613877, 39
1728541010.625704, 39
1728541010.639051, 40
1728541010.654075, 39
1728541010.667982, 39
1728541010.684127, 38
1728541010.700073, 38
1728541010.711814, 38
1728541010.723457, 38
1728541010.735051, 38
1728541010.747034, 38
1728541010.760801, 37
1728541010.775531, 37
1728541010.788248, 37
1728541010.800039, 38
1728541010.811842, 37
1728541010.823942, 37
1728541010.837824, 37
1728541010.851879, 31
1728541010.863497, 27
1728541010.875131, 22
1728541010.886913, 19
1728541010.899780, 16
1728541010.912255, 17
1728541010.925063, 17
1728541010.939358, 17
1728541010.951345, 16
1728541010.963661, 17
1728541010.981818, 17
1728541010.993953, 17
1728541011.006775, 18
1728541011.018442, 18
1728541011.030221, 18
1728541011.042232, 17
1728541011.055020, 18
1728541011.067912, 17
1728541011.081734, 17
1728541011.094604, 17
1728541011.106416, 18
1728541011.118093, 18
1728541011.130554, 18
1728541011.142494, 18
1728541011.158040, 20
1728541011.169733, 19
1728541011.182063, 19
1728541011.193979, 20
1728541011.206070, 20
1728541011.218298, 18
1728541011.229937, 20
1728541011.241729, 19
1728541011.253425, 20
1728541011.265868, 19
1728541011.279313, 19
1728541011.293129, 19
1728541011.304841, 19
1728541011.316548, 20
1728541011.328983, 20
1728541011.342139, 22
1728541011.357445, 22
1728541011.372247, 20
1728541011.384074, 21
1728541011.396791, 21
1728541011.408620, 21
1728541011.421063, 20
1728541011.433751, 21
1728541011.449633, 20
1728541011.461843, 20
1728541011.475809, 21
1728541011.488197, 22
1728541011.501126, 23
1728541011.513662, 23
1728541011.528485, 22
1728541011.543275, 22
1728541011.557608, 22
1728541011.569788, 21
1728541011.581506, 22
1728541011.593410, 21
1728541011.605220, 22
1728541011.623443, 24
1728541011.637269, 22
1728541011.649066, 23
1728541011.666373, 24
1728541011.694257, 23
1728541011.707280, 23
1728541011.721932, 22
1728541011.738296, 23
1728541011.753256, 24
1728541011.767382, 23
1728541011.779118, 23
1728541011.790996, 23
1728541011.802579, 23
1728541011.815855, 23
1728541011.829614, 24
1728541011.841213, 24
1728541011.852831, 24
1728541011.865250, 24
1728541011.876912, 26
1728541011.888590, 25
1728541011.901572, 23
1728541011.913288, 24
1728541011.924921, 25
1728541011.937053, 24
1728541011.950893, 24
1728541011.964901, 24
1728541011.980571, 26
1728541011.999604, 25
1728541012.012749, 25
1728541012.031071, 27
1728541012.043350, 26
1728541012.057053, 26
1728541012.068986, 26
1728541012.080731, 25
1728541012.092494, 26
1728541012.104259, 25
1728541012.117533, 25
1728541012.134515, 25
1728541012.150385, 26
1728541012.165110, 26
1728541012.176927, 26
1728541012.188628, 25
1728541012.201204, 26
1728541012.212875, 26
1728541012.226953, 28
1728541012.242135, 27
1728541012.254092, 27
1728541012.266086, 27
1728541012.277897, 27
1728541012.289662, 26
1728541012.307303, 28
1728541012.319813, 27
1728541012.334458, 28
1728541012.346307, 26
1728541012.358063, 26
1728541012.369826, 26
1728541012.381500, 29
1728541012.395293, 29
1728541012.409064, 29
1728541012.421150, 30
1728541012.434411, 29
1728541012.446666, 28
1728541012.459177, 26
1728541012.473082, 27
1728541012.485604, 28
1728541012.499315, 28
1728541012.511734, 28
1728541012.531259, 26
1728541012.546976, 27
1728541012.558884, 28
1728541012.570981, 28
1728541012.585972, 29
1728541012.598310, 30
1728541012.610355, 29
1728541012.622757, 29
1728541012.634453, 29
1728541012.646190, 30
1728541012.657944, 29
1728541012.671211, 29
1728541012.684196, 29
1728541012.699554, 28
1728541012.715231, 30
1728541012.733717, 29
1728541012.753787, 29
1728541012.772701, 32
1728541012.786719, 30
1728541012.801296, 30
1728541012.813220, 30
1728541012.827208, 30
1728541012.838909, 32
1728541012.850569, 30
1728541012.862351, 30
1728541012.875348, 31
1728541012.887399, 30
1728541012.901463, 30
1728541012.917454, 29
1728541012.930586, 30
1728541012.942458, 31
1728541012.955967, 31
1728541012.968614, 30
1728541012.984582, 32
1728541012.996230, 31
1728541013.012800, 32
1728541013.027344, 32
1728541013.041567, 31
1728541013.053424, 31
1728541013.065552, 30
1728541013.077160, 30
1728541013.090125, 31
1728541013.103725, 32
1728541013.115329, 31
1728541013.126979, 31
1728541013.138731, 31
1728541013.151330, 31
1728541013.163328, 32
1728541013.176127, 33
1728541013.189874, 32
1728541013.201734, 32
1728541013.213664, 32
1728541013.225436, 33
1728541013.239259, 33
1728541013.252105, 32
1728541013.269198, 32
1728541013.281968, 32
1728541013.295014, 32
1728541013.306778, 33
1728541013.318729, 32
1728541013.330594, 33
1728541013.342945, 33
1728541013.356294, 33
1728541013.372401, 34
1728541013.388037, 35
1728541013.403854, 33
1728541013.418381, 33
1728541013.430131, 33
1728541013.441931, 35
1728541013.453929, 34
1728541013.467377, 33
1728541013.480342, 32
1728541013.494534, 34
1728541013.510043, 33
1728541013.521705, 34
1728541013.533537, 32
1728541013.546322, 33
1728541013.557940, 36
1728541013.571703, 36
1728541013.584888, 36
1728541013.598377, 36
1728541013.612176, 36
1728541013.627827, 37
1728541013.641729, 34
1728541013.653607, 33
1728541013.666373, 33
1728541013.678909, 33
1728541013.693638, 35
1728541013.706406, 35
1728541013.725927, 36
1728541013.741946, 34
1728541013.758223, 35
1728541013.772101, 35
1728541013.784012, 35
1728541013.795962, 36
1728541013.808081, 36
1728541013.819914, 36
1728541013.833990, 36
1728541013.845648, 36
1728541013.857442, 36
1728541013.869153, 35
1728541013.881127, 35
1728541013.893497, 34
1728541013.905571, 35
1728541013.917442, 36
1728541013.929360, 35
1728541013.941309, 34
1728541013.955928, 36
1728541013.971815, 36
1728541013.985729, 36
1728541013.997488, 37
1728541014.009300, 37
1728541014.021009, 38
1728541014.033948, 38
1728541014.045886, 36
1728541014.057700, 36
1728541014.069392, 37
1728541014.081096, 37
1728541014.092960, 36
1728541014.106490, 36
1728541014.120664, 36
1728541014.132481, 36
1728541014.144348, 36
1728541014.156608, 36
1728541014.168930, 38
1728541014.181444, 37
1728541014.198787, 38
1728541014.215860, 38
1728541014.228005, 39
1728541014.240185, 38
1728541014.252434, 38
1728541014.268502, 36
1728541014.284423, 37
1728541014.297863, 37
1728541014.309641, 38
1728541014.321632, 37
1728541014.333676, 38
1728541014.346083, 37
1728541014.359155, 37
1728541014.374930, 37
1728541014.391114, 38
1728541014.404501, 38
1728541014.416747, 39
1728541014.428524, 38
1728541014.440192, 37
1728541014.453903, 39
1728541014.467468, 38
1728541014.480728, 37
1728541014.498132, 38
1728541014.509864, 36
1728541014.522020, 37
1728541014.534045, 37
1728541014.546100, 36
1728541014.558262, 36
1728541014.571752, 36
1728541014.585480, 36
1728541014.600727, 37
1728541014.612374, 36
1728541014.624621, 32
1728541014.636537, 28
1728541014.650340, 21
1728541014.665678, 17
1728541014.677542, 14
1728541014.689282, 15
1728541014.700924, 16
1728541014.718441, 16
1728541014.735397, 18
1728541014.748497, 16
1728541014.765317, 17
1728541014.779469, 19
1728541014.792214, 17
1728541014.804897, 17
1728541014.816879, 17
1728541014.830975, 17
1728541014.842948, 18
1728541014.854725, 17
1728541014.867030, 18
1728541014.879130, 17
1728541014.893019, 17
1728541014.908734, 17
1728541014.923672, 19
1728541014.938389, 19
1728541014.950064, 18
1728541014.962029, 20
1728541014.973843, 18
1728541014.986754, 19
1728541014.998926, 19
1728541015.012863, 18
1728541015.024538, 19
1728541015.036361, 19
1728541015.048510, 19
1728541015.061193, 19
1728541015.074522, 20
1728541015.091990, 20
1728541015.105368, 20
1728541015.118134, 21
1728541015.130181, 20
1728541015.141977, 21
1728541015.154205, 21
1728541015.166212, 18
1728541015.180464, 20
1728541015.195948, 20
1728541015.208675, 21
1728541015.220388, 20
1728541015.232127, 19
1728541015.244657, 21
1728541015.257864, 20
1728541015.271177, 21
1728541015.283994, 21
1728541015.297791, 21
1728541015.310153, 21
1728541015.323465, 22
1728541015.336907, 21
1728541015.351140, 21
1728541015.362803, 22
1728541015.374742, 21
1728541015.386503, 22
1728541015.399964, 22
1728541015.413683, 22
1728541015.425284, 21
1728541015.442277, 20
1728541015.454167, 23
1728541015.467113, 24
1728541015.479038, 23
1728541015.490823, 23
1728541015.504617, 22
1728541015.516234, 21
1728541015.527916, 23
1728541015.539703, 23
1728541015.551398, 22
1728541015.563523, 22
1728541015.575776, 23
1728541015.590477, 22
1728541015.605340, 25
1728541015.617081, 25
1728541015.628888, 26
1728541015.640825, 26
1728541015.652925, 26
1728541015.666543, 24
1728541015.683207, 24
1728541015.699240, 24
1728541015.713203, 24
1728541015.724919, 25
1728541015.736621, 23
1728541015.748300, 25
1728541015.760780, 24
1728541015.773729, 24
1728541015.790968, 24
1728541015.810085, 26
1728541015.823854, 25
1728541015.835675, 26
1728541015.847443, 26
1728541015.860018, 27
1728541015.873072, 25
1728541015.888540, 26
1728541015.901406, 25
1728541015.913058, 26
1728541015.924804, 26
1728541015.937728, 24
1728541015.949322, 25
1728541015.960980, 25
1728541015.972682, 25
1728541015.984326, 26
1728541015.997521, 26
1728541016.009621, 26
1728541016.024310, 26
1728541016.035970, 26
1728541016.047734, 26
1728541016.059691, 26
1728541016.071979, 26
1728541016.084799, 27
1728541016.098895, 27
1728541016.119849, 26
1728541016.131977, 26
1728541016.147604, 25
1728541016.160030, 27
1728541016.171644, 28
1728541016.184117, 28
1728541016.195911, 27
1728541016.209124, 27
1728541016.220896, 28
1728541016.235254, 27
1728541016.246828, 27
1728541016.258947, 27
1728541016.270807, 27
1728541016.282654, 28
1728541016.296407, 27
1728541016.314517, 27
1728541016.326730, 27
1728541016.338808, 28
1728541016.351477, 30
1728541016.365065, 29
1728541016.378286, 28
1728541016.393324, 29
1728541016.407355, 30
1728541016.419121, 29
1728541016.430981, 29
1728541016.443089, 29
1728541016.455799, 28
1728541016.473187, 29
1728541016.487029, 28
1728541016.499467, 29
1728541016.511608, 28
1728541016.523440, 30
1728541016.535166, 30
1728541016.548228, 30
1728541016.560901, 29
1728541016.573509, 31
1728541016.585313, 30
1728541016.597417, 29
1728541016.611063, 30
1728541016.626986, 29
1728541016.640079, 30
1728541016.651910, 30
1728541016.663617, 30
1728541016.675636, 31
1728541016.693291, 31
1728541016.705568, 30
1728541016.718481, 29
1728541016.730205, 32
1728541016.742222, 30
1728541016.756418, 31
1728541016.769133, 32
1728541016.782305, 31
1728541016.797860, 31
1728541016.809530, 30
1728541016.824741, 30
1728541016.837082, 31
1728541016.849431, 30
1728541016.875953, 31
1728541016.889698, 31
1728541016.904838, 31
1728541016.920450, 32
1728541016.932088, 34
1728541016.944191, 31
1728541016.955938, 32
1728541016.969932, 32
1728541016.982160, 32
1728541016.998457, 32
1728541017.012378, 31
1728541017.037732, 31
1728541017.049735, 30
1728541017.061478, 32
1728541017.075378, 32
1728541017.089117, 33
1728541017.103360, 32
1728541017.117387, 32
1728541017.130348, 31
1728541017.144368, 32
1728541017.155988, 33
1728541017.167730, 32
1728541017.179374, 33
1728541017.192524, 34
1728541017.206620, 33
1728541017.220384, 33
1728541017.233514, 32
1728541017.248303, 33
1728541017.259945, 34
1728541017.271953, 33
1728541017.283991, 33
1728541017.296186, 33
1728541017.307844, 32
1728541017.323569, 35
1728541017.340736, 34
1728541017.352799, 35
1728541017.366108, 34
1728541017.378620, 34
1728541017.393060, 35
1728541017.405555, 34
1728541017.417195, 35
1728541017.428827, 32
1728541017.441075, 32
1728541017.454113, 34
1728541017.468164, 34
1728541017.480163, 34
1728541017.491992, 34
1728541017.504072, 35
1728541017.515816, 34
1728541017.528193, 34
1728541017.543319, 34
1728541017.558329, 36
1728541017.570679, 35
1728541017.582696, 36
1728541017.594944, 36
1728541017.607185, 36
1728541017.619623, 36
1728541017.632861, 34
1728541017.648548, 35
1728541017.661424, 36
1728541017.673209, 36
1728541017.685107, 36
1728541017.697469, 35
1728541017.710914, 36
1728541017.726460, 36
1728541017.740395, 35
1728541017.752352, 35
1728541017.764264, 36
1728541017.777502, 37
1728541017.791132, 37
1728541017.803867, 37
1728541017.815809, 37
1728541017.827913, 37
1728541017.840382, 36
1728541017.855671, 35
1728541017.868603, 35
1728541017.881546, 37
1728541017.894517, 36
1728541017.906539, 37
1728541017.918230, 36
1728541017.931390, 36
1728541017.943675, 36
1728541017.957192, 37
1728541017.968818, 37
1728541017.980580, 36
1728541017.992332, 38
1728541018.005831, 38
1728541018.018245, 37
1728541018.032067, 37
1728541018.044262, 37
1728541018.058847, 37
1728541018.070858, 39
1728541018.082781, 37
1728541018.096165, 37
1728541018.110429, 38
1728541018.122782, 37
1728541018.136330, 37
1728541018.152309, 38
1728541018.164642, 38
1728541018.177636, 39
1728541018.189375, 38
1728541018.201639, 37
1728541018.213912, 38
1728541018.225806, 39
1728541018.240643, 38
1728541018.255859, 37
1728541018.270727, 37
1728541018.282584, 37
1728541018.294367, 38
1728541018.306245, 38
1728541018.318528, 38
1728541018.331698, 39
1728541018.345335, 39
1728541018.357443, 39
1728541018.370678, 39
1728541018.383177, 38
1728541018.396429, 39
1728541018.409235, 39
1728541018.421353, 38
1728541018.433268, 38
1728541018.445761, 38
1728541018.459195, 38
1728541018.474050, 37
1728541018.486803, 37
1728541018.498733, 38
1728541018.510432, 37
1728541018.522988, 39
1728541018.536591, 38
1728541018.551154, 38
1728541018.565505, 39
1728541018.581616, 38
1728541018.593232, 38
1728541018.604936, 38
1728541018.617141, 37
1728541018.629023, 33
1728541018.642072, 27
1728541018.656312, 20
1728541018.669389, 15
1728541018.682116, 14
1728541018.693882, 17
1728541018.705989, 17
1728541018.723006, 16
1728541018.734870, 17
1728541018.751457, 18
1728541018.765557, 17
1728541018.777470, 18
1728541018.789273, 18
1728541018.801252, 18
1728541018.813103, 17
1728541018.825635, 16
1728541018.837348, 17
1728541018.849281, 18
1728541018.861254, 18
1728541018.874617, 18
1728541018.886229, 17
1728541018.902143, 19
1728541018.917593, 18
1728541018.929569, 18
1728541018.941611, 20
1728541018.954703, 20
1728541018.966799, 19
1728541018.978580, 19
1728541018.990245, 18
1728541019.001827, 18
1728541019.013549, 19
1728541019.025442, 20
1728541019.037075, 20
1728541019.048871, 18
1728541019.060611, 20
1728541019.072455, 20
1728541019.087566, 19
1728541019.102389, 20
1728541019.120374, 21
1728541019.135531, 21
1728541019.150163, 20
1728541019.163666, 20
1728541019.175538, 19
1728541019.187255, 20
1728541019.200245, 21
1728541019.213555, 20
1728541019.226881, 20
1728541019.242595, 20
1728541019.257042, 22
1728541019.268692, 23
1728541019.280491, 23
1728541019.292223, 23
1728541019.305391, 23
1728541019.317541, 23
1728541019.330216, 21
1728541019.342067, 22
1728541019.354078, 22
1728541019.365680, 21
1728541019.379126, 22
1728541019.401074, 23
1728541019.419965, 22
1728541019.436610, 23
1728541019.451104, 23
1728541019.462968, 22
1728541019.474995, 24
1728541019.489027, 23
1728541019.502950, 22
1728541019.515472, 23
1728541019.532092, 22
1728541019.548572, 23
1728541019.564209, 23
1728541019.579022, 23
1728541019.590804, 23
1728541019.602562, 23
1728541019.615189, 24
1728541019.629115, 26
1728541019.642717, 24
1728541019.658190, 25
1728541019.672573, 25
1728541019.686402, 24
1728541019.698553, 23
1728541019.710344, 24
1728541019.722243, 23
1728541019.734040, 25
1728541019.748055, 24
1728541019.760272, 24
1728541019.774673, 24
1728541019.786293, 25
1728541019.798405, 25
1728541019.810606, 25
1728541019.822446, 26
1728541019.836194, 26
1728541019.849626, 27
1728541019.864055, 26
1728541019.875812, 25
1728541019.887542, 26
1728541019.900330, 26
1728541019.913013, 25
1728541019.927524, 26
1728541019.942589, 25
1728541019.957856, 26
1728541019.969505, 26
1728541019.981162, 25
1728541019.993220, 26
1728541020.005191, 26
1728541020.020411, 28
1728541020.036371, 26
1728541020.049664, 27
1728541020.061516, 27
1728541020.073494, 27
1728541020.086280, 26
1728541020.098429, 26
1728541020.114977, 27
1728541020.130294, 27
1728541020.146615, 28
1728541020.162322, 27
1728541020.174783, 29
1728541020.188335, 28
1728541020.199937, 27
1728541020.211591, 30
1728541020.223470, 29
1728541020.235937, 28
1728541020.248682, 27
1728541020.262729, 28
1728541020.274583, 27
1728541020.286526, 28
1728541020.299009, 27
1728541020.311557, 27
1728541020.325630, 28
1728541020.338111, 28
1728541020.349732, 29
1728541020.363273, 27
1728541020.380027, 29
1728541020.396077, 29
1728541020.412145, 29
1728541020.428424, 30
1728541020.441326, 29
1728541020.453138, 27
1728541020.480867, 30
1728541020.494472, 30
1728541020.509053, 30
1728541020.520992, 29
1728541020.532799, 29
1728541020.544627, 29
1728541020.556343, 31
1728541020.569376, 30
1728541020.583799, 31
1728541020.598184, 31
1728541020.613551, 31
1728541020.628632, 29
1728541020.644880, 30
1728541020.656600, 30
1728541020.668250, 29
1728541020.680948, 30
1728541020.693784, 31
1728541020.707878, 30
1728541020.723002, 28
1728541020.738996, 31
1728541020.761775, 31
1728541020.775340, 31
1728541020.789378, 31
1728541020.803738, 31
1728541020.817160, 31
1728541020.829093, 31
1728541020.840801, 31
1728541020.852476, 31
1728541020.865592, 31
1728541020.877937, 31
1728541020.893617, 29
1728541020.909223, 31
1728541020.922637, 31
1728541020.940932, 30
1728541020.953039, 33
1728541020.967200, 33
1728541020.982830, 32
1728541020.994574, 33
1728541021.006285, 33
1728541021.018187, 31
1728541021.029821, 32
1728541021.043569, 31
1728541021.056441, 31
1728541021.069800, 32
1728541021.085573, 32
1728541021.097273, 31
1728541021.109141, 31
1728541021.121161, 31
1728541021.133780, 33
1728541021.145534, 33
1728541021.159392, 33
1728541021.171731, 34
1728541021.184057, 33
1728541021.199303, 33
1728541021.211059, 33
1728541021.222921, 33
1728541021.234653, 33
1728541021.246764, 34
1728541021.262396, 33
1728541021.276561, 33
1728541021.291357, 34
1728541021.306218, 34
1728541021.318480, 33
1728541021.330600, 33
1728541021.342427, 33
1728541021.354721, 34
1728541021.367337, 35
1728541021.382464, 34
1728541021.397848, 34
1728541021.412493, 35
1728541021.426083, 35
1728541021.438263, 35
1728541021.450324, 34
1728541021.463015, 36
1728541021.474931, 34
1728541021.489485, 34
1728541021.505611, 34
1728541021.517369, 34
1728541021.528978, 33
1728541021.540586, 34
1728541021.553855, 34
1728541021.566113, 36
1728541021.581157, 36
1728541021.593532, 36
1728541021.605340, 34
1728541021.617133, 35
1728541021.629984, 36
1728541021.644464, 36
1728541021.660088, 35
1728541021.675210, 35
1728541021.690965, 35
1728541021.703233, 35
1728541021.715188, 35
1728541021.727009, 34
1728541021.740151, 36
1728541021.752555, 37
1728541021.766730, 37
1728541021.778506, 37
1728541021.790165, 36
1728541021.802039, 35
1728541021.815788, 38
1728541021.827844, 37
1728541021.840540, 36
1728541021.853991, 36
1728541021.865662, 36
1728541021.877667, 35
1728541021.889281, 35
1728541021.901750, 35
1728541021.915004, 36
1728541021.929864, 36
1728541021.941646, 36
1728541021.955850, 37
1728541021.968346, 38
1728541021.980074, 37
1728541021.994134, 37
1728541022.009773, 38
1728541022.021475, 38
1728541022.033290, 38
1728541022.044906, 38
1728541022.056951, 37
1728541022.071565, 36
1728541022.086298, 38
1728541022.097991, 37
1728541022.110055, 38
1728541022.122174, 37
1728541022.134509, 37
1728541022.148670, 38
1728541022.165077, 39
1728541022.184536, 39
1728541022.196469, 38
1728541022.212126, 39
1728541022.223884, 38
1728541022.235507, 37
1728541022.247094, 38
1728541022.259252, 38
1728541022.272223, 38
1728541022.288283, 38
1728541022.302597, 37
1728541022.314390, 39
1728541022.326111, 38
1728541022.337778, 38
1728541022.350418, 38
1728541022.366668, 39
1728541022.381458, 38
1728541022.394478, 38
1728541022.407815, 38
1728541022.422909, 39
1728541022.435806, 39
1728541022.447505, 37
1728541022.459110, 38
1728541022.473030, 38
1728541022.491523, 38
1728541022.505398, 39
1728541022.521379, 37
1728541022.533227, 39
1728541022.544877, 39
1728541022.557665, 38
1728541022.569714, 38
1728541022.583724, 36
1728541022.597265, 37
1728541022.615264, 31
1728541022.627259, 28
1728541022.639044, 25
1728541022.650652, 19
1728541022.662930, 15
1728541022.676919, 15
1728541022.688629, 17
1728541022.700541, 14
1728541022.712241, 16
1728541022.725247, 17
1728541022.739125, 18
1728541022.750790, 17
1728541022.764987, 16
1728541022.776678, 19
1728541022.788315, 18
1728541022.801278, 19
1728541022.814241, 17
1728541022.830201, 18
1728541022.843174, 18
1728541022.854910, 17
1728541022.866644, 18
1728541022.878486, 18
1728541022.891209, 19
1728541022.904514, 19
1728541022.917161, 18
1728541022.929095, 18
1728541022.940930, 19
1728541022.954113, 20
1728541022.966733, 19
1728541022.980257, 19
1728541022.995287, 19
1728541023.008001, 20
1728541023.019704, 21
1728541023.031932, 18
1728541023.043818, 20
1728541023.057431, 19
1728541023.070865, 19
1728541023.082617, 19
1728541023.099976, 20
1728541023.121947, 21
1728541023.138671, 21
1728541023.155385, 21
1728541023.173316, 20
1728541023.186358, 21
1728541023.198137, 21
1728541023.209960, 20
1728541023.222659, 22
1728541023.234871, 21
1728541023.249336, 21
1728541023.262922, 21
1728541023.275178, 22
1728541023.286884, 20
1728541023.298554, 22
1728541023.311364, 23
1728541023.323867, 21
1728541023.341901, 22
1728541023.363085, 21
1728541023.375780, 21
1728541023.387604, 21
1728541023.399199, 21
1728541023.421427, 21
1728541023.437404, 22
1728541023.449040, 23
1728541023.460747, 25
1728541023.472676, 23
1728541023.486083, 24
1728541023.500337, 24
1728541023.511985, 23
1728541023.523881, 24
1728541023.535730, 23
1728541023.547626, 23
1728541023.562878, 24
1728541023.576060, 23
1728541023.590691, 23
1728541023.605864, 23
1728541023.619546, 23
1728541023.634864, 24
1728541023.646539, 25
1728541023.658295, 25
1728541023.674051, 24
1728541023.687357, 22
1728541023.699708, 23
1728541023.711698, 23
1728541023.723340, 25
1728541023.737404, 25
1728541023.750483, 24
1728541023.762479, 24
1728541023.774254, 25
1728541023.785980, 25
1728541023.800201, 27
1728541023.815521, 26
1728541023.832086, 25
1728541023.847340, 25
1728541023.862426, 26
1728541023.874207, 25
1728541023.886022, 25
1728541023.898419, 26
1728541023.911164, 26
1728541023.923991, 24
1728541023.936853, 25
1728541023.948731, 26
1728541023.960463, 25
1728541023.972360, 27
1728541023.985928, 27
1728541023.999920, 26
1728541024.015608, 26
1728541024.030248, 27
1728541024.041914, 28
1728541024.053631, 28
1728541024.066405, 26
1728541024.080250, 27
1728541024.094159, 26
1728541024.108504, 25
1728541024.122575, 27
1728541024.136191, 26
1728541024.151389, 27
1728541024.163445, 28
1728541024.176120, 27
1728541024.193676, 29
1728541024.211181, 28
1728541024.228599, 30
1728541024.240524, 28
1728541024.252403, 28
1728541024.264881, 27
1728541024.283089, 27
1728541024.295432, 27
1728541024.309079, 27
1728541024.321010, 30
1728541024.332740, 27
1728541024.344551, 27
1728541024.356405, 28
1728541024.373353, 30
1728541024.387382, 29
1728541024.401404, 29
1728541024.415093, 30
1728541024.426734, 29
1728541024.439283, 28
1728541024.451141, 29
1728541024.462758, 26
1728541024.474675, 28
1728541024.488241, 30
1728541024.501154, 28
1728541024.514297, 30
1728541024.532902, 29
1728541024.547252, 29
1728541024.564479, 30
1728541024.580053, 31
1728541024.596596, 30
1728541024.610417, 30
1728541024.623307, 30
1728541024.635159, 29
1728541024.650383, 30
1728541024.663328, 30
1728541024.677415, 30
1728541024.694538, 29
1728541024.707790, 30
1728541024.719682, 30
1728541024.731492, 31
1728541024.744209, 30
1728541024.757627, 31
1728541024.774599, 31
1728541024.790618, 31
1728541024.805942, 32
1728541024.819836, 30
1728541024.831957, 32
1728541024.849647, 32
1728541024.861307, 31
1728541024.877825, 30
1728541024.894695, 31
1728541024.909338, 31
1728541024.922728, 31
1728541024.934448, 30
1728541024.946240, 31
1728541024.958740, 32
1728541024.974218, 33
1728541024.990201, 33
1728541025.003375, 32
1728541025.019375, 32
1728541025.031424, 33
1728541025.043247, 32
1728541025.055854, 33
1728541025.068164, 32
1728541025.084697, 32
1728541025.097169, 32
1728541025.108829, 31
1728541025.121629, 33
1728541025.135015, 34
1728541025.147365, 32
1728541025.159980, 34
1728541025.174643, 33
1728541025.186575, 34
1728541025.198200, 33
1728541025.209808, 32
1728541025.221923, 34
1728541025.241227, 33
1728541025.253461, 32
1728541025.267647, 32
1728541025.281823, 33
1728541025.294178, 34
1728541025.306280, 32
1728541025.318615, 34
1728541025.332312, 33
1728541025.343947, 35
1728541025.355561, 33
1728541025.367408, 33
1728541025.386502, 35
1728541025.398418, 34
1728541025.414274, 34
1728541025.425950, 35
1728541025.437726, 34
1728541025.449569, 34
1728541025.461910, 34
1728541025.474792, 35
1728541025.488969, 33
1728541025.500852, 34
1728541025.512574, 35
1728541025.524668, 34
1728541025.537581, 34
1728541025.550212, 34
1728541025.562027, 36
1728541025.573866, 35
1728541025.585626, 36
1728541025.597392, 35
1728541025.611807, 35
1728541025.626489, 36
1728541025.638255, 35
1728541025.649936, 34
1728541025.661701, 34
1728541025.674164, 36
1728541025.689845, 36
1728541025.705000, 36
1728541025.719259, 34
1728541025.732471, 37
1728541025.754804, 36
1728541025.768632, 36
1728541025.780640, 36
1728541025.793888, 37
1728541025.811706, 37
1728541025.830200, 36
1728541025.844587, 37
1728541025.858085, 37
1728541025.873101, 37
1728541025.893619, 36
1728541025.905455, 36
1728541025.919801, 36
1728541025.932488, 36
1728541025.944329, 37
1728541025.956576, 38
1728541025.968772, 38
1728541025.981257, 37
1728541026.003712, 39
1728541026.018856, 37
1728541026.031693, 38
1728541026.043583, 38
1728541026.055394, 38
1728541026.068001, 38
1728541026.080706, 37
1728541026.094866, 38
1728541026.110420, 37
1728541026.125799, 38
1728541026.138497, 38
1728541026.150149, 37
1728541026.162613, 39
1728541026.174937, 37
1728541026.188849, 38
1728541026.204814, 39
1728541026.216946, 38
1728541026.229069, 38
1728541026.240935, 39
1728541026.259543, 39
1728541026.274510, 38
1728541026.286317, 38
1728541026.298077, 38
1728541026.310668, 39
1728541026.328207, 38
1728541026.343344, 39
1728541026.355324, 38
1728541026.367307, 37
1728541026.379019, 39
1728541026.392114, 38
1728541026.406113, 37
1728541026.418267, 39
1728541026.434494, 38
1728541026.450522, 39
1728541026.464560, 37
1728541026.476317, 39
1728541026.488074, 38
1728541026.499743, 39
1728541026.513726, 37
1728541026.526314, 37
1728541026.539639, 37
1728541026.554688, 37
1728541026.574219, 36
1728541026.589634, 36
1728541026.602815, 36
1728541026.614642, 34
1728541026.626276, 28
1728541026.638314, 25
1728541026.653296, 20
1728541026.667005, 15
1728541026.683562, 17
1728541026.695336, 17
1728541026.707113, 17
1728541026.718800, 16
1728541026.731140, 16
1728541026.744052, 16
1728541026.762307, 18
1728541026.779245, 19
1728541026.796491, 19
1728541026.811000, 18
1728541026.833596, 19
1728541026.849005, 18
1728541026.860790, 18
1728541026.872869, 18
1728541026.884654, 18
1728541026.897543, 19
1728541026.910242, 18
1728541026.924452, 19
1728541026.936149, 19
1728541026.948518, 19
1728541026.960870, 20
1728541026.973186, 19
1728541026.985884, 19
1728541027.000376, 20
1728541027.012266, 19
1728541027.024367, 18
1728541027.036041, 19
1728541027.048354, 19
1728541027.063557, 20
1728541027.077531, 20
1728541027.094652, 19
1728541027.109537, 20
1728541027.127458, 21
1728541027.139181, 21
1728541027.150806, 20
1728541027.162426, 21
1728541027.177052, 21
1728541027.188827, 20
1728541027.203063, 20
1728541027.218873, 20
1728541027.230500, 20
1728541027.242191, 21
1728541027.253976, 21
1728541027.266124, 21
1728541027.280332, 21
1728541027.296233, 23
1728541027.308372, 22
1728541027.320480, 23
1728541027.335126, 23
1728541027.351476, 21
1728541027.366238, 23
1728541027.378187, 22
1728541027.390353, 23
1728541027.402040, 22
1728541027.414600, 23
1728541027.429136, 23
1728541027.444739, 22
1728541027.461783, 23
1728541027.473882, 23
1728541027.486060, 22
1728541027.497875, 25
1728541027.510516, 24
1728541027.522941, 22
1728541027.537603, 23
1728541027.553657, 23
1728541027.565376, 23
1728541027.577232, 24
1728541027.589672, 24
1728541027.602657, 24
1728541027.614433, 23
1728541027.629055, 24
1728541027.643267, 25
1728541027.654963, 25
1728541027.666588, 25
1728541027.678933, 26
1728541027.692730, 23
1728541027.709510, 26
1728541027.721547, 24
1728541027.736154, 24
1728541027.747922, 25
1728541027.759667, 24
1728541027.771260, 24
1728541027.800403, 25
1728541027.813004, 24
1728541027.825460, 25
1728541027.838763, 24
1728541027.851020, 27
1728541027.865743, 25
1728541027.878127, 27
1728541027.890123, 25
1728541027.901882, 25
1728541027.915380, 25
1728541027.929811, 25
1728541027.942622, 25
1728541027.957533, 26
1728541027.969228, 27
1728541027.981417, 26
1728541027.993198, 25
1728541028.005322, 25
1728541028.020879, 27
1728541028.035758, 27
1728541028.048470, 27
1728541028.060204, 27
1728541028.072491, 28
1728541028.084719, 26
1728541028.098608, 27
1728541028.110384, 26
1728541028.122111, 25
1728541028.134524, 27
1728541028.147173, 26
1728541028.160627, 27
1728541028.174658, 26
1728541028.187385, 28
1728541028.199170, 28
1728541028.210811, 29
1728541028.223064, 28
1728541028.239045, 29
1728541028.253362, 28
1728541028.265126, 28
1728541028.276758, 28
1728541028.290828, 26
1728541028.303368, 28
1728541028.316457, 27
1728541028.329415, 26
1728541028.351844, 28
1728541028.366138, 28
1728541028.378465, 30
1728541028.392868, 29
1728541028.408024, 30
1728541028.423909, 30
1728541028.435593, 29
1728541028.447201, 31
1728541028.458926, 30
1728541028.473153, 31
1728541028.485489, 28
1728541028.499013, 29
1728541028.510916, 29
1728541028.522654, 27
1728541028.534253, 28
1728541028.546727, 29
1728541028.559357, 29
1728541028.575590, 31
1728541028.587467, 31
1728541028.599187, 29
1728541028.611003, 31
1728541028.625629, 30
1728541028.637388, 31
1728541028.651828, 30
1728541028.666911, 29
1728541028.682492, 30
1728541028.694128, 31
1728541028.705732, 31
1728541028.717502, 31
1728541028.729777, 31
1728541028.743682, 30
1728541028.757355, 31
1728541028.769244, 31
1728541028.781312, 32
1728541028.794061, 31
1728541028.810727, 32
1728541028.828738, 32
1728541028.841950, 30
1728541028.857888, 32
1728541028.873544, 31
1728541028.888109, 32
1728541028.902334, 31
1728541028.914125, 33
1728541028.926267, 32
1728541028.937998, 29
1728541028.950168, 32
1728541028.964169, 32
1728541028.979445, 33
1728541028.991178, 32
1728541029.003061, 33
1728541029.014846, 31
1728541029.027780, 34
1728541029.039642, 32
1728541029.054532, 32
1728541029.069902, 31
1728541029.081706, 33
1728541029.093450, 32
1728541029.105390, 32
1728541029.117562, 33
1728541029.130481, 33
1728541029.144869, 33
1728541029.156674, 32
1728541029.168386, 32
1728541029.180285, 33
1728541029.192978, 34
1728541029.205665, 35
1728541029.221014, 33
1728541029.233101, 34
1728541029.244793, 34
1728541029.256550, 33
1728541029.268484, 34
1728541029.282190, 32
1728541029.296861, 34
1728541029.309928, 33
1728541029.321668, 33
1728541029.334031, 33
1728541029.345630, 33
1728541029.357454, 35
1728541029.379514, 36
1728541029.392020, 35
1728541029.420867, 35
1728541029.436520, 36
1728541029.451439, 34
1728541029.465249, 34
1728541029.477124, 34
1728541029.488821, 34
1728541029.500965, 34
1728541029.513006, 34
1728541029.525696, 35
1728541029.539802, 34
1728541029.551524, 35
1728541029.564526, 34
1728541029.576118, 35
1728541029.589859, 36
1728541029.602210, 36
1728541029.615072, 36
1728541029.628844, 35
1728541029.640892, 36
1728541029.652552, 36
1728541029.664696, 36
1728541029.678197, 35
1728541029.689901, 35
1728541029.701652, 35
1728541029.713796, 37
1728541029.741677, 35
1728541029.755311, 35
1728541029.767756, 36
1728541029.783181, 36
1728541029.795038, 36
1728541029.806996, 36
1728541029.818906, 38
1728541029.832369, 38
1728541029.849273, 37
1728541029.865816, 37
1728541029.877997, 37
1728541029.894951, 37
1728541029.907954, 36
1728541029.919744, 37
1728541029.931754, 35
1728541029.943988, 37
1728541029.957810, 35
1728541029.971758, 38
1728541029.985432, 36
1728541029.997188, 38
1728541030.008836, 37
1728541030.020439, 36
1728541030.033675, 39
1728541030.047848, 39
1728541030.061995, 39
1728541030.076440, 39
1728541030.088102, 37
1728541030.102319, 35
1728541030.114017, 38
1728541030.125700, 38
1728541030.138290, 37
1728541030.150403, 38
1728541030.164423, 38
1728541030.176127, 37
1728541030.187897, 38
1728541030.202995, 40
1728541030.215166, 38
1728541030.229139, 39
1728541030.243419, 38
1728541030.257182, 38
1728541030.269795, 38
1728541030.283962, 40
1728541030.299598, 39
1728541030.315310, 40
1728541030.326936, 39
1728541030.338656, 37
1728541030.350497, 38
1728541030.363308, 39
1728541030.377026, 38
1728541030.392662, 38
1728541030.407602, 39
1728541030.424138, 39
1728541030.436123, 39
1728541030.448240, 36
1728541030.459966, 39
1728541030.474359, 39
1728541030.489224, 39
1728541030.502837, 39
1728541030.514873, 38
1728541030.526536, 39
1728541030.538327, 37
1728541030.550064, 37
1728541030.562951, 37
1728541030.577008, 36
1728541030.588642, 35
1728541030.600280, 36
1728541030.611929, 35
1728541030.623627, 35
1728541030.636916, 37
1728541030.649735, 34
1728541030.662129, 30
1728541030.674173, 24
1728541030.686501, 20
1728541030.699039, 18
1728541030.716091, 17
1728541030.728199, 16
1728541030.742244, 17
1728541030.756182, 17
1728541030.770011, 17
1728541030.782434, 16
1728541030.796705, 16
1728541030.812222, 16
1728541030.824677, 19
1728541030.836586, 18
1728541030.848699, 18
1728541030.861331, 17
1728541030.875223, 18
1728541030.889090, 18
1728541030.902907, 17
1728541030.914575, 18
1728541030.931480, 18
1728541030.943482, 19
1728541030.955200, 17
1728541030.967432, 20
1728541030.981450, 20
1728541030.996087, 20
1728541031.008895, 20
1728541031.021779, 19
1728541031.033579, 19
1728541031.045249, 18
1728541031.056879, 20
1728541031.070389, 19
1728541031.082592, 19
1728541031.096530, 20
1728541031.111972, 19
1728541031.123731, 20
1728541031.135483, 19
1728541031.147269, 21
1728541031.160696, 21
1728541031.173694, 21
1728541031.188979, 22
1728541031.203319, 20
1728541031.214997, 21
1728541031.226670, 20
1728541031.238458, 21
1728541031.251459, 22
1728541031.264212, 20
1728541031.276978, 20
1728541031.290732, 20
1728541031.303138, 21
1728541031.315816, 23
1728541031.327625, 23
1728541031.339834, 22
1728541031.352987, 23
1728541031.365731, 22
1728541031.380574, 22
1728541031.392327, 21
1728541031.404948, 22
1728541031.418025, 22
1728541031.434173, 22
1728541031.446664, 23
1728541031.465423, 22
1728541031.477735, 23
1728541031.489731, 23
1728541031.501436, 23
1728541031.514706, 24
1728541031.526400, 23
1728541031.538059, 23
1728541031.549891, 22
1728541031.561627, 22
1728541031.574498, 22
1728541031.586698, 23
1728541031.600654, 23
1728541031.613302, 23
1728541031.624923, 22
1728541031.636609, 23
1728541031.648832, 24
1728541031.664873, 25
1728541031.678023, 25
1728541031.689728, 25
1728541031.701555, 25
1728541031.720153, 24
1728541031.732918, 24
1728541031.744549, 24
1728541031.756147, 24
1728541031.767782, 23
1728541031.779712, 24
1728541031.793850, 24
1728541031.808938, 24
1728541031.822536, 25
1728541031.834240, 25
1728541031.845861, 26
1728541031.857591, 27
1728541031.871170, 27
1728541031.884355, 26
1728541031.898037, 25
1728541031.914447, 26
1728541031.930136, 25
1728541031.945022, 24
1728541031.956696, 26
1728541031.970026, 25
1728541031.982926, 26
1728541031.995931, 27
1728541032.008841, 25
1728541032.022042, 26
1728541032.033997, 28
1728541032.046045, 25
1728541032.058205, 27
1728541032.070967, 28
1728541032.084908, 26
1728541032.099586, 26
1728541032.114179, 26
1728541032.127332, 27
1728541032.138985, 26
1728541032.151080, 26
1728541032.163465, 27
1728541032.176780, 26
1728541032.193241, 26
1728541032.205839, 28
1728541032.219481, 28
1728541032.234494, 28
1728541032.246135, 29
1728541032.257796, 29
1728541032.269832, 28
1728541032.282273, 27
1728541032.295358, 28
1728541032.310972, 27
1728541032.322613, 28
1728541032.334410, 28
1728541032.346038, 27
1728541032.359739, 28
1728541032.371562, 29
1728541032.385467, 30
1728541032.401221, 30
1728541032.413089, 30
1728541032.424741, 29
1728541032.436411, 30
1728541032.449401, 29
1728541032.462963, 29
1728541032.478030, 29
1728541032.489819, 29
1728541032.501913, 29
1728541032.514400, 29
1728541032.528286, 29
1728541032.542046, 30
1728541032.554375, 28
1728541032.570605, 30
1728541032.584331, 30
1728541032.596175, 31
1728541032.607852, 30
1728541032.619407, 30
1728541032.631590, 31
1728541032.645530, 31
1728541032.661591, 30
1728541032.679147, 30
1728541032.690894, 29
1728541032.703216, 28
1728541032.714879, 31
1728541032.726689, 30
1728541032.740649, 30
1728541032.755728, 30
1728541032.771207, 33
1728541032.786834, 32
1728541032.798598, 32
1728541032.810459, 33
1728541032.822219, 32
1728541032.834481, 30
1728541032.846951, 31
1728541032.860851, 31
1728541032.875272, 30
1728541032.887109, 32
1728541032.899132, 30
1728541032.911999, 30
1728541032.924038, 31
1728541032.936830, 31
1728541032.955572, 31
1728541032.970444, 34
1728541032.983008, 32
1728541032.996666, 33
1728541033.012088, 32
1728541033.023925, 33
1728541033.035637, 34
1728541033.047575, 33
1728541033.060005, 32
1728541033.074833, 32
1728541033.089201, 32
1728541033.101678, 32
1728541033.113714, 32
1728541033.125499, 33
1728541033.137644, 32
1728541033.154969, 34
1728541033.168867, 33
1728541033.181434, 33
1728541033.195443, 34
1728541033.207088, 33
1728541033.219064, 33
1728541033.233081, 35
1728541033.246893, 32
1728541033.262058, 33
1728541033.274176, 33
1728541033.286947, 32
1728541033.298896, 33
1728541033.310684, 32
1728541033.322350, 33
1728541033.335845, 33
1728541033.348207, 32
1728541033.361668, 33
1728541033.374594, 35
1728541033.386730, 35
1728541033.398441, 34
1728541033.410784, 34
1728541033.425534, 35
1728541033.439256, 35
1728541033.452050, 35
1728541033.466895, 34
1728541033.479311, 34
1728541033.491174, 35
1728541033.502811, 34
1728541033.515892, 34
1728541033.530471, 32
1728541033.547179, 35
1728541033.562012, 35
1728541033.576980, 35
1728541033.588731, 35
1728541033.600420, 36
1728541033.612619, 35
1728541033.625582, 37
1728541033.639997, 35
1728541033.654862, 34
1728541033.666839, 36
1728541033.680104, 36
1728541033.694978, 35
1728541033.708237, 33
1728541033.719963, 35
1728541033.731676, 35
1728541033.743290, 35
1728541033.756100, 35
1728541033.771107, 37
1728541033.785044, 37
1728541033.798920, 36
1728541033.814453, 36
1728541033.828383, 37
1728541033.842219, 38
1728541033.856429, 37
1728541033.869285, 36
1728541033.881071, 36
1728541033.892698, 36
1728541033.904308, 36
1728541033.917130, 37
1728541033.931084, 36
1728541033.945021, 37
1728541033.958821, 36
1728541033.971383, 37
1728541033.986088, 37
1728541034.001384, 36
1728541034.013087, 38
1728541034.024751, 36
1728541034.036428, 38
1728541034.050267, 38
1728541034.062485, 38
1728541034.076063, 39
1728541034.091946, 37
1728541034.103845, 38
1728541034.115580, 37
1728541034.127178, 37
1728541034.140753, 38
1728541034.152705, 37
1728541034.166456, 37
1728541034.179616, 38
1728541034.191718, 38
1728541034.203798, 38
1728541034.218560, 37
1728541034.230610, 38
1728541034.243006, 38
1728541034.255521, 37
1728541034.267579, 38
1728541034.280803, 37
1728541034.295513, 39
1728541034.307534, 38
1728541034.319144, 38
1728541034.331283, 40
1728541034.343439, 38
1728541034.355794, 38
1728541034.369109, 39
1728541034.381945, 38
1728541034.398018, 39
1728541034.413758, 38
1728541034.426329, 38
1728541034.438288, 38
1728541034.450141, 38
1728541034.462084, 38
1728541034.473874, 38
1728541034.488432, 38
1728541034.502910, 39
1728541034.514662, 37
1728541034.526296, 38
1728541034.538303, 38
1728541034.552371, 38
1728541034.566209, 38
1728541034.578152, 38
1728541034.593381, 38
1728541034.605196, 37
1728541034.616863, 37
1728541034.629348, 37
1728541034.645550, 32
1728541034.657195, 26
1728541034.671357, 21
1728541034.683449, 15
1728541034.695293, 15
1728541034.708409, 17
1728541034.720162, 16
1728541034.731843, 16
1728541034.744882, 16
1728541034.757393, 16
1728541034.769443, 18
1728541034.782148, 17
1728541034.793871, 18
1728541034.808344, 18
1728541034.820130, 19
1728541034.832136, 21
1728541034.843980, 19
1728541034.857311, 17
1728541034.875562, 18
1728541034.888465, 18
1728541034.903529, 18
1728541034.915200, 18
1728541034.927050, 19
1728541034.938929, 19
1728541034.951795, 19
1728541034.966368, 19
1728541034.979043, 20
1728541034.993643, 19
1728541035.007628, 19
1728541035.019313, 20
1728541035.030931, 18
1728541035.042568, 18
1728541035.055548, 19
1728541035.071406, 20
1728541035.085680, 19
1728541035.097794, 20
1728541035.112789, 20
1728541035.125730, 19
1728541035.137508, 19
1728541035.149141, 21
1728541035.161533, 21
1728541035.175446, 22
1728541035.189412, 22
1728541035.203414, 22
1728541035.217867, 21
1728541035.231680, 20
1728541035.250495, 21
1728541035.264795, 21
1728541035.276908, 21
1728541035.289023, 20
1728541035.301100, 21
1728541035.312948, 22
1728541035.326435, 22
1728541035.340279, 22
1728541035.354257, 23
1728541035.368077, 23
1728541035.382412, 22
1728541035.396273, 22
1728541035.411910, 22
1728541035.426120, 21
1728541035.440069, 23
1728541035.454131, 22
1728541035.465731, 22
1728541035.478460, 22
1728541035.490222, 22
1728541035.502775, 23
1728541035.515945, 25
1728541035.529810, 24
1728541035.541988, 23
1728541035.557043, 24
1728541035.573210, 22
1728541035.584951, 24
1728541035.596706, 23
1728541035.608507, 22
1728541035.621108, 24
1728541035.634965, 23
1728541035.646576, 23
1728541035.661416, 24
1728541035.673112, 23
1728541035.684823, 24
1728541035.698729, 24
1728541035.711286, 24
1728541035.726290, 24
1728541035.740023, 25
1728541035.752612, 25
1728541035.764325, 23
1728541035.777074, 25
1728541035.789901, 24
1728541035.802272, 24
1728541035.814409, 25
1728541035.826207, 25
1728541035.838052, 26
1728541035.851599, 26
1728541035.864365, 26
1728541035.876183, 26
1728541035.887910, 27
1728541035.900326, 26
1728541035.912153, 26
1728541035.926399, 26
1728541035.939129, 25
1728541035.950912, 25
1728541035.963226, 26
1728541035.977386, 26
1728541035.992271, 26
1728541036.005560, 25
1728541036.017251, 25
1728541036.029300, 25
1728541036.042330, 26
1728541036.055507, 28
1728541036.067788, 28
1728541036.083432, 28
1728541036.095128, 27
1728541036.106736, 29
1728541036.118690, 27
1728541036.131386, 27
1728541036.144532, 27
1728541036.156306, 27
1728541036.168140, 27
1728541036.180456, 26
1728541036.192296, 28
1728541036.207427, 28
1728541036.219127, 27
1728541036.233242, 28
1728541036.247035, 29
1728541036.258727, 28
1728541036.270732, 26
1728541036.283852, 28
1728541036.302351, 31
1728541036.316524, 28
1728541036.330939, 28
1728541036.342613, 28
1728541036.354254, 27
1728541036.365940, 28
1728541036.378323, 29
1728541036.391791, 27
1728541036.404436, 28
1728541036.420001, 28
1728541036.436138, 30
1728541036.447845, 29
1728541036.459629, 29
1728541036.471492, 30
1728541036.483419, 30
1728541036.498039, 29
1728541036.509901, 28
1728541036.521677, 29
1728541036.533930, 29
1728541036.548216, 29
1728541036.564503, 27
1728541036.576325, 29
1728541036.588151, 28
1728541036.599999, 29
1728541036.611834, 31
1728541036.626384, 31
1728541036.640472, 30
1728541036.653184, 32
1728541036.664912, 32
1728541036.676805, 30
1728541036.688641, 30
1728541036.703601, 29
1728541036.718303, 29
1728541036.733960, 29
1728541036.748952, 31
1728541036.760621, 30
1728541036.772479, 29
1728541036.784799, 30
1728541036.797296, 31
1728541036.814289, 31
1728541036.826125, 31
1728541036.839237, 32
1728541036.851335, 31
1728541036.864142, 33
1728541036.876282, 33
1728541036.890712, 32
1728541036.903451, 31
1728541036.917612, 30
1728541036.932587, 31
1728541036.944393, 32
1728541036.956082, 30
1728541036.967680, 32
1728541036.981001, 32
1728541036.992667, 32
1728541037.004270, 31
1728541037.015897, 33
1728541037.027532, 32
1728541037.041319, 33
1728541037.053800, 33
1728541037.066206, 32
1728541037.077810, 33
1728541037.090102, 30
1728541037.101787, 32
1728541037.113858, 33
1728541037.125954, 32
1728541037.138401, 31
1728541037.150157, 33
1728541037.162130, 31
1728541037.173984, 32
1728541037.186519, 32
1728541037.201317, 31
1728541037.214523, 34
1728541037.228817, 34
1728541037.242804, 35
1728541037.254452, 34
1728541037.266111, 33
1728541037.277795, 33
1728541037.291289, 33
1728541037.303217, 34
1728541037.314947, 33
1728541037.327493, 33
1728541037.344569, 33
1728541037.356431, 34
1728541037.368091, 33
1728541037.380119, 33
1728541037.394305, 34
1728541037.406764, 34
1728541037.420657, 33
1728541037.432738, 34
1728541037.444510, 36
1728541037.456464, 35
1728541037.468846, 35
1728541037.482525, 34
1728541037.495793, 33
1728541037.507502, 35
1728541037.519932, 35
1728541037.531812, 34
1728541037.544026, 34
1728541037.558144, 35
1728541037.570985, 35
1728541037.583673, 34
1728541037.595417, 34
1728541037.609048, 34
1728541037.621465, 37
1728541037.633324, 35
1728541037.645104, 36
1728541037.658978, 37
1728541037.673818, 36
1728541037.685468, 36
1728541037.697194, 36
1728541037.709187, 35
1728541037.720803, 35
1728541037.733789, 34
1728541037.746798, 35
1728541037.758483, 36
1728541037.770099, 36
1728541037.781731, 35
1728541037.793486, 36
1728541037.806099, 36
1728541037.817884, 36
1728541037.831119, 35
1728541037.845189, 36
1728541037.859141, 37
1728541037.873140, 38
1728541037.889150, 38
1728541037.903059, 37
1728541037.916920, 36
1728541037.928776, 37
1728541037.943114, 36
1728541037.954857, 37
1728541037.966610, 36
1728541037.978223, 36
1728541037.992062, 37
1728541038.007739, 37
1728541038.020066, 37
1728541038.033095, 36
1728541038.044839, 38
1728541038.056481, 38
1728541038.068289, 37
1728541038.081336, 37
1728541038.095162, 39
1728541038.107813, 38
1728541038.121811, 37
1728541038.134500, 37
1728541038.146175, 38
1728541038.157967, 37
1728541038.170701, 37
1728541038.185462, 37
1728541038.197448, 37
1728541038.209444, 38
1728541038.221154, 36
1728541038.232939, 37
1728541038.246489, 38
1728541038.260382, 39
1728541038.274029, 38
1728541038.291263, 39
1728541038.305236, 37
1728541038.321714, 39
1728541038.336002, 38
1728541038.349469, 38
1728541038.361649, 36
1728541038.373850, 38
1728541038.385643, 36
1728541038.397267, 36
1728541038.409577, 37
1728541038.422359, 36
1728541038.437146, 38
1728541038.453175, 37
1728541038.464881, 40
1728541038.476743, 38
1728541038.488803, 38
1728541038.502893, 38
1728541038.517736, 38
1728541038.530581, 37
1728541038.545047, 31
1728541038.556793, 28
1728541038.568547, 21
1728541038.581008, 18
1728541038.594070, 15
1728541038.608160, 16
1728541038.626995, 16
1728541038.639065, 15
1728541038.653771, 17
1728541038.672406, 19
1728541038.684311, 18
1728541038.696153, 18
1728541038.708078, 16
1728541038.721719, 17
1728541038.734306, 17
1728541038.749290, 17
1728541038.765225, 17
1728541038.779936, 18
1728541038.791908, 19
1728541038.804475, 18
1728541038.816531, 17
1728541038.828921, 18
1728541038.842358, 19
1728541038.856680, 19
1728541038.868326, 20
1728541038.880099, 17
1728541038.891747, 19
1728541038.903925, 18
1728541038.917139, 19
1728541038.932039, 18
1728541038.947456, 18
1728541038.959094, 18
1728541038.971267, 20
1728541038.983062, 19
1728541038.996683, 21
1728541039.008885, 20
1728541039.027037, 21
1728541039.040888, 21
1728541039.053601, 20
1728541039.068049, 20
1728541039.082725, 19
1728541039.096712, 20
1728541039.108362, 21
1728541039.120104, 20
1728541039.131896, 21
1728541039.144319, 21
1728541039.160212, 21
1728541039.172478, 21
1728541039.184191, 21
1728541039.196036, 21
1728541039.208028, 22
1728541039.220804, 20
1728541039.235430, 21
1728541039.252925, 22
1728541039.266110, 21
1728541039.282091, 22
1728541039.296267, 21
1728541039.308343, 21
1728541039.320505, 21
1728541039.332551, 22
1728541039.346140, 23
1728541039.362772, 22
1728541039.380459, 22
1728541039.395702, 22
1728541039.407385, 23
1728541039.419142, 23
1728541039.430886, 23
1728541039.444189, 23
1728541039.458953, 22
1728541039.473687, 23
1728541039.485358, 23
1728541039.497012, 23
1728541039.508876, 22
1728541039.521317, 25
1728541039.533769, 24
1728541039.549481, 24
1728541039.561267, 24
1728541039.572977, 25
1728541039.584916, 24
1728541039.598902, 22
1728541039.611948, 24
1728541039.625039, 25
1728541039.639034, 24
1728541039.650732, 25
1728541039.662388, 23
1728541039.674387, 24
1728541039.688364, 26
1728541039.703952, 26
1728541039.718262, 25
1728541039.729856, 25
1728541039.744818, 24
1728541039.759601, 24
1728541039.771235, 24
1728541039.782933, 25
1728541039.794867, 25
1728541039.808320, 25
1728541039.822444, 24
1728541039.836308, 26
1728541039.850143, 25
1728541039.862092, 27
1728541039.880512, 26
1728541039.892832, 27
1728541039.905003, 27
1728541039.916799, 28
1728541039.929503, 25
1728541039.942345, 27
1728541039.956974, 26
1728541039.968682, 26
1728541039.980407, 26
1728541039.992265, 26
1728541040.004226, 26
1728541040.021337, 28
1728541040.033140, 27
1728541040.045734, 27
1728541040.057600, 28
1728541040.069379, 27
1728541040.081620, 29
1728541040.098528, 28
1728541040.110730, 26
1728541040.126264, 27
1728541040.138366, 27
1728541040.150419, 25
1728541040.162289, 28
1728541040.175833, 29
1728541040.188401, 28
1728541040.202132, 28
1728541040.214901, 28
1728541040.227159, 27
1728541040.239262, 30
1728541040.252779, 29
1728541040.266530, 29
1728541040.279677, 28
1728541040.296725, 29
1728541040.310826, 27
1728541040.325670, 29
1728541040.337492, 28
1728541040.350286, 29
1728541040.361979, 29
1728541040.374493, 29
1728541040.388934, 28
1728541040.401465, 28
1728541040.414875, 30
1728541040.429451, 29
1728541040.443513, 30
1728541040.455306, 31
1728541040.467066, 31
1728541040.478858, 31
1728541040.490768, 29
1728541040.505405, 29
1728541040.519514, 29
1728541040.531251, 29
1728541040.543000, 30
1728541040.554712, 29
1728541040.567842, 31
1728541040.581919, 29
1728541040.597947, 29
1728541040.615904, 30
1728541040.628025, 32
1728541040.642652, 32
1728541040.656728, 31
1728541040.668555, 32
1728541040.681037, 30
1728541040.694731, 30
1728541040.706510, 31
1728541040.718174, 30
1728541040.729797, 31
1728541040.742455, 30
1728541040.754913, 30
1728541040.770946, 29
1728541040.786502, 30
1728541040.798154, 30
1728541040.809968, 31
1728541040.821773, 30
1728541040.835422, 32
1728541040.847594, 31
1728541040.859240, 33
1728541040.870893, 34
1728541040.883538, 32
1728541040.896711, 31
1728541040.908826, 32
1728541040.920702, 31
1728541040.933511, 31
1728541040.948902, 30
1728541040.963015, 32
1728541040.975093, 33
1728541040.987737, 33
1728541040.999574, 32
1728541041.011225, 33
1728541041.024946, 33
1728541041.038945, 34
1728541041.052793, 34
1728541041.065585, 33
1728541041.084276, 34
1728541041.096450, 33
1728541041.109391, 32
1728541041.120966, 32
1728541041.132653, 33
1728541041.144511, 32
1728541041.157245, 33
1728541041.171670, 33
1728541041.183664, 32
1728541041.197640, 33
1728541041.212558, 35
1728541041.228239, 35
1728541041.242578, 34
1728541041.256944, 33
1728541041.268905, 34
1728541041.280836, 34
1728541041.292944, 34
1728541041.306136, 34
1728541041.322179, 33
1728541041.335609, 33
1728541041.351184, 33
1728541041.364166, 34
1728541041.375896, 35
1728541041.387896, 35
1728541041.400696, 34
1728541041.419706, 36
1728541041.434060, 36
1728541041.448045, 34
1728541041.464729, 35
1728541041.478945, 36
1728541041.491012, 36
1728541041.503620, 35
1728541041.517706, 34
1728541041.529418, 34
1728541041.541212, 34
1728541041.552821, 34
1728541041.565589, 35
1728541041.581169, 35
1728541041.594715, 34
1728541041.606840, 36
1728541041.618585, 35
1728541041.630359, 36
1728541041.642158, 36
1728541041.658762, 35
1728541041.674663, 37
1728541041.689742, 36
1728541041.704580, 36
1728541041.716391, 36
1728541041.728141, 36
1728541041.739888, 36
1728541041.752614, 36
1728541041.768324, 36
1728541041.780827, 35
1728541041.794301, 37
1728541041.809325, 36
1728541041.824181, 35
1728541041.839090, 36
1728541041.851011, 36
1728541041.862833, 36
1728541041.874732, 36
1728541041.887647, 38
1728541041.901402, 37
1728541041.915078, 37
1728541041.927406, 35
1728541041.939397, 37
1728541041.952928, 37
1728541041.965098, 36
1728541041.981945, 35
1728541041.996841, 37
1728541042.010504, 37
1728541042.022399, 37
1728541042.034208, 37
1728541042.046623, 39
1728541042.059533, 39
1728541042.073113, 38
1728541042.085076, 39
1728541042.097128, 38
1728541042.108827, 38
